IRIDIUM 106             
1 41917U 17003A   26187.70044065  .00000068  00000+0  17062-4 0  9996
2 41917  86.3953  80.3983 0002122  93.8202 266.3237 14.34218502496008
IRIDIUM 103             
1 41918U 17003B   26187.68775647  .00000001  00000+0 -68471-5 0  9990
2 41918  86.3949  80.3031 0001912  79.2870 280.8541 14.34217589496028
IRIDIUM 109             
1 41919U 17003C   26187.69409744  .00000170  00000+0  53715-4 0  9994
2 41919  86.3952  80.3604 0002219  83.6978 276.4471 14.34217609495999
IRIDIUM 102             
1 41920U 17003D   26187.80192383  .00000016  00000+0 -12444-5 0  9992
2 41920  86.3951  80.2384 0002281  85.0865 275.0591 14.34217759496090
IRIDIUM 105             
1 41921U 17003E   26187.69074836  .00000210  00000+0  67945-4 0  9992
2 41921  86.3946  48.7135 0002303  79.2968 280.8487 14.34220047497938
IRIDIUM 104             
1 41922U 17003F   26187.74483786  .00000194  00000+0  62126-4 0  9994
2 41922  86.3953  80.3051 0002211  77.3960 282.7483 14.34218553496075
IRIDIUM 114             
1 41923U 17003G   26187.68141394  .00000230  00000+0  74912-4 0  9991
2 41923  86.3952  80.3147 0002162  80.7314 279.4126 14.34217479496047
IRIDIUM 108             
1 41924U 17003H   26187.63993281  .00000134  00000+0  40687-4 0  9992
2 41924  86.3941  48.6237 0002260  85.0084 275.1369 14.34218216497890
IRIDIUM 112             
1 41925U 17003J   26187.73849634  .00000139  00000+0  42558-4 0  9990
2 41925  86.3947  80.1320 0002245  82.1066 278.0384 14.34218636496076
IRIDIUM 111             
1 41926U 17003K   26187.79557992  .00000107  00000+0  31079-4 0  9991
2 41926  86.3950  80.1791 0002195  84.4155 275.7291 14.34217934496061
IRIDIUM 113             
1 42803U 17039A   26187.84531213  .00000315  00000+0  10559-3 0  9999
2 42803  86.3988 313.9615 0002138  90.7058 269.4383 14.34217150474000
IRIDIUM 123             
1 42804U 17039B   26187.53794808  .00000289  00000+0  96210-4 0  9996
2 42804  86.3985 345.5470 0002041  92.4590 267.6840 14.34217272472721
IRIDIUM 120             
1 42805U 17039C   26187.83897044  .00000051  00000+0  11007-4 0  9994
2 42805  86.3976 313.7442 0002263  99.0771 261.0681 14.34217593473995
IRIDIUM 115             
1 42806U 17039D   26187.39253953  .00000367  00000+0  10316-3 0  9992
2 42806  86.4513 314.0622 0002114  98.4794 261.6646 14.43282918477030
IRIDIUM 118             
1 42807U 17039E   26187.84873681  .00000068  00000+0  17118-4 0  9995
2 42807  86.3985 345.4153 0002182  89.7993 270.3453 14.34218219472760
IRIDIUM 117             
1 42808U 17039F   26187.86776010  .00000194  00000+0  62131-4 0  9991
2 42808  86.3983 345.3646 0002101  91.8886 268.2550 14.34220049472792
IRIDIUM 126             
1 42809U 17039G   26187.47452360  .00000104  00000+0  30163-4 0  9999
2 42809  86.3984 345.5799 0002134  87.3863 272.7577 14.34217986472713
IRIDIUM 124             
1 42810U 17039H   26187.67301318  .00000343  00000+0  95922-4 0  9998
2 42810  86.4487 282.2116 0002267  96.5466 263.5993 14.43282836477926
IRIDIUM 128             
1 42811U 17039J   26187.60479691  .00000218  00000+0  70737-4 0  9990
2 42811  86.3962  17.0296 0002211  92.6222 267.5227 14.34219419472761
IRIDIUM 121             
1 42812U 17039K   26187.84239405  .00000077  00000+0  20544-4 0  9998
2 42812  86.3985 345.4546 0002224  92.4805 267.6645 14.34218280472649
IRIDIUM 133             
1 42955U 17061A   26187.56674124  .00000104  00000+0  30190-4 0  9990
2 42955  86.3962  17.1635 0002179  91.4135 268.7310 14.34219284457557
IRIDIUM 100             
1 42956U 17061B   26187.76970612  .00000073  00000+0  18849-4 0  9996
2 42956  86.3962  16.9971 0002197  89.8241 270.3206 14.34218294457583
IRIDIUM 122             
1 42957U 17061C   26187.59845481  .00000121  00000+0  36078-4 0  9991
2 42957  86.3962  17.0692 0002093  87.6313 272.5122 14.34218834457566
IRIDIUM 129             
1 42958U 17061D   26187.76335955  .00000209  00000+0  67612-4 0  9996
2 42958  86.3964  17.0673 0002249  83.6016 276.5436 14.34220117457601
IRIDIUM 119             
1 42959U 17061E   26187.59211116  .00000170  00000+0  53517-4 0  9996
2 42959  86.3963  17.1348 0002099  86.8359 273.3077 14.34219065457593
IRIDIUM 107             
1 42960U 17061F   26187.61113843  .00000213  00000+0  69099-4 0  9999
2 42960  86.3963  17.1482 0001989  93.0233 267.1190 14.34219214457607
IRIDIUM 132             
1 42961U 17061G   26187.61747970  .00000210  00000+0  67994-4 0  9993
2 42961  86.3962  17.1248 0002140  88.5225 271.6216 14.34220153457600
IRIDIUM 136             
1 42962U 17061H   26187.57942870  .00000040  00000+0  71869-5 0  9993
2 42962  86.3965  17.1478 0002249  89.6202 270.5252 14.34218102457616
IRIDIUM 139             
1 42963U 17061J   26187.65553954  .00000193  00000+0  61890-4 0  9995
2 42963  86.3965  17.1779 0002215  91.4826 268.6623 14.34218581457630
IRIDIUM 125             
1 42964U 17061K   26187.57308844  .00000209  00000+0  67541-4 0  9990
2 42964  86.3965  17.2739 0001696  82.5054 277.6334 14.34221870457638
IRIDIUM 135             
1 43070U 17083A   26187.40767522  .00000061  00000+0  14754-4 0  9991
2 43070  86.3982 313.9802 0002184  93.2291 266.9155 14.34218109446909
IRIDIUM 138             
1 43071U 17083B   26187.85165569  .00000062  00000+0  15106-4 0  9997
2 43071  86.3995 313.4929 0002101  89.4730 270.6707 14.34218277446959
IRIDIUM 116             
1 43072U 17083C   26187.40133213  .00000343  00000+0  11538-3 0  9996
2 43072  86.3980 313.9683 0002322 100.6789 259.4668 14.34218745446929
IRIDIUM 130             
1 43073U 17083D   26187.85799797  .00000087  00000+0  24021-4 0  9998
2 43073  86.3989 314.0546 0002132 100.4453 259.6983 14.34218303446937
IRIDIUM 151             
1 43074U 17083E   26187.41401688  .00000108  00000+0  31413-4 0  9997
2 43074  86.3984 314.0214 0002217  94.1646 265.9803 14.34218609446897
IRIDIUM 134             
1 43075U 17083F   26187.87068372 -.00000038  00000+0 -20486-4 0  9999
2 43075  86.3981 313.8389 0002052  95.4828 264.6602 14.34217455446923
IRIDIUM 137             
1 43076U 17083G   26187.39498969  .00000111  00000+0  32508-4 0  9994
2 43076  86.3985 314.1305 0002640  97.3462 262.8034 14.34218660446926
IRIDIUM 141             
1 43077U 17083H   26187.38864732  .00000062  00000+0  14974-4 0  9991
2 43077  86.3980 313.9628 0002180  91.8895 268.2550 14.34218071446924
IRIDIUM 153             
1 43078U 17083J   26187.68966779  .00000277  00000+0  91792-4 0  9990
2 43078  86.3964 282.3175 0002113  93.2382 266.9056 14.34218731448073
IRIDIUM 131             
1 43079U 17083K   26187.86434167  .00000011  00000+0 -32544-5 0  9990
2 43079  86.3984 313.9514 0002121  93.3240 266.8199 14.34217791446921
IRIDIUM 144             
1 43249U 18030A   26187.69601137  .00000100  00000+0  28618-4 0  9990
2 43249  86.3964 282.2436 0002299  98.0245 262.1211 14.34218132432932
IRIDIUM 149             
1 43250U 18030B   26187.70235287  .00000108  00000+0  31397-4 0  9999
2 43250  86.3961 282.2075 0002265  93.5688 266.5767 14.34218704432955
IRIDIUM 157             
1 43251U 18030C   26187.72138110  .00000088  00000+0  24201-4 0  9992
2 43251  86.3966 282.2535 0002256  95.4380 264.7073 14.34218420432935
IRIDIUM 140             
1 43252U 18030D   26187.67063907  .00000146  00000+0  44974-4 0  9992
2 43252  86.3963 282.2869 0002229  95.9499 264.1951 14.34219087432983
IRIDIUM 145             
1 43253U 18030E   26187.72771811  .00000111  00000+0  32404-4 0  9996
2 43253  86.3964 282.2354 0002364 102.9496 257.1964 14.34216712432922
IRIDIUM 146             
1 43254U 18030F   26187.77846375  .00000094  00000+0  26666-4 0  9993
2 43254  86.3962 282.2262 0002329  98.0232 262.1229 14.34218735432942
IRIDIUM 148             
1 43255U 18030G   26187.67698377  .00000195  00000+0  62416-4 0  9995
2 43255  86.3966 282.3122 0002340  94.9557 265.1906 14.34217543432964
IRIDIUM 142             
1 43256U 18030H   26187.64526985  .00000276  00000+0  91602-4 0  9997
2 43256  86.3960 282.2135 0002369  98.9410 261.2054 14.34218923432925
IRIDIUM 150             
1 43257U 18030J   26187.68332520  .00000110  00000+0  32293-4 0  9990
2 43257  86.3964 282.3148 0002222  96.4536 263.6913 14.34218642432956
IRIDIUM 143             
1 43258U 18030K   26187.73406522  .00000120  00000+0  35732-4 0  9993
2 43258  86.3968 282.3869 0002270  97.7894 262.3560 14.34217676432898
IRIDIUM 161             
1 43478U 18047C   26187.72028439  .00000273  00000+0  75090-4 0  9991
2 43478  86.4471  80.3035 0002389  79.2434 280.9035 14.43283247427950
IRIDIUM 152             
1 43479U 18047D   26187.84633106  .00000218  00000+0  70645-4 0  9998
2 43479  86.3947  80.1122 0002188  81.9212 278.2232 14.34217891425302
IRIDIUM 147             
1 43480U 18047E   26187.71312309  .00000215  00000+0  69817-4 0  9991
2 43480  86.3948  80.1733 0002281  87.9808 272.1649 14.34217455425282
IRIDIUM 110             
1 43481U 18047F   26187.71946894  .00000235  00000+0  76782-4 0  9995
2 43481  86.3950  80.2631 0002313  76.3409 283.8044 14.34218959425276
IRIDIUM 162             
1 43482U 18047G   26187.71398431  .00000296  00000+0  81943-4 0  9996
2 43482  86.4470  80.1970 0002231  83.8954 276.2501 14.43282126427944
IRIDIUM 160             
1 43569U 18061A   26187.66530544  .00000145  00000+0  44583-4 0  9997
2 43569  86.3944  48.6510 0002282  85.6549 274.4907 14.34218353416163
IRIDIUM 166             
1 43570U 18061B   26187.69067583  .00000042  00000+0  80105-5 0  9997
2 43570  86.3944  48.5907 0002232  89.3092 270.8360 14.34218040416192
IRIDIUM 158             
1 43571U 18061C   26187.65896185  .00000186  00000+0  59249-4 0  9995
2 43571  86.3943  48.6137 0002132  85.1147 275.0292 14.34217564416159
IRIDIUM 165             
1 43572U 18061D   26187.68433126  .00000113  00000+0  33268-4 0  9994
2 43572  86.3945  48.6499 0002183  89.8150 270.3296 14.34218995416188
IRIDIUM 155             
1 43573U 18061E   26187.64627493  .00000245  00000+0  80424-4 0  9995
2 43573  86.3941  48.5339 0002138  87.7088 272.4353 14.34217313416140
IRIDIUM 154             
1 43574U 18061F   26187.69701551  .00000184  00000+0  58480-4 0  9998
2 43574  86.3945  48.6473 0002293  89.4191 270.7268 14.34219383416203
IRIDIUM 163             
1 43575U 18061G   26187.67798804  .00000206  00000+0  66396-4 0  9994
2 43575  86.3920  48.5668 0002541  95.5073 264.6413 14.34219282416173
IRIDIUM 156             
1 43576U 18061H   26187.65261911  .00000190  00000+0  60726-4 0  9990
2 43576  86.3943  48.5877 0002032  90.1244 270.0185 14.34218513416169
IRIDIUM 164             
1 43577U 18061J   26187.70336087  .00000039  00000+0  66864-5 0  9996
2 43577  86.3944  48.6072 0002288  89.5855 270.5603 14.34218135416218
IRIDIUM 159             
1 43578U 18061K   26187.67164583  .00000204  00000+0  65898-4 0  9992
2 43578  86.3942  48.5570 0002209  84.2653 275.8794 14.34219550416176
IRIDIUM 180             
1 43922U 19002A   26187.53160744  .00000187  00000+0  59565-4 0  9995
2 43922  86.3982 345.5097 0002240  91.0192 269.1260 14.34217376391761
IRIDIUM 176             
1 43923U 19002B   26187.86969659  .00000710  00000+0  10867-3 0  9997
2 43923  86.6103 345.3092 0002353  88.6643 271.4844 14.72241281402144
IRIDIUM 168             
1 43924U 19002C   26187.87410469  .00000037  00000+0  61512-5 0  9996
2 43924  86.3985 345.4445 0002229  90.7562 269.3890 14.34217576391792
IRIDIUM 173             
1 43925U 19002D   26187.86142176  .00000137  00000+0  41761-4 0  9997
2 43925  86.3983 345.3378 0002153  90.6079 269.5364 14.34217707391775
IRIDIUM 169             
1 43926U 19002E   26187.58873260  .00000260  00000+0  78457-4 0  9991
2 43926  86.4219  17.0797 0001689  94.6430 265.4961 14.38612887393014
IRIDIUM 172             
1 43927U 19002F   26187.43646803  .00000248  00000+0  81625-4 0  9994
2 43927  86.3985 345.5238 0002208  89.3183 270.8266 14.34217805391728
IRIDIUM 175             
1 43928U 19002G   26187.82257281  .00000297  00000+0  81705-4 0  9999
2 43928  86.4516 282.3136 0004758 132.3461 227.8144 14.43624051401819
IRIDIUM 171             
1 43929U 19002H   26187.48720851  .00000091  00000+0  25298-4 0  9997
2 43929  86.3992 345.8107 0002186  94.6756 265.4689 14.34218495391721
IRIDIUM 170             
1 43930U 19002J   26187.46806074  .00000779  00000+0  11960-3 0  9992
2 43930  86.6102 345.4794 0002370  84.9122 275.2365 14.72241471402096
IRIDIUM 167             
1 43931U 19002K   26187.48086583  .00000060  00000+0  14477-4 0  9990
2 43931  86.3984 345.5275 0002139  98.9932 261.1506 14.34218223391729
IRIDIUM 181             
1 56726U 23068S   26187.72667256  .00000258  00000+0  70767-4 0  9995
2 56726  86.4482  48.6205 0002481  85.6140 274.5344 14.43309219165258
IRIDIUM 177             
1 56727U 23068T   26187.38760915  .00001188  00000+0  15361-3 0  9995
2 56727  86.1979 319.6740 0002131  91.1693 268.9772 14.80019562169200
IRIDIUM 174             
1 56728U 23068U   26187.72753918  .00000813  00000+0  12507-3 0  9992
2 56728  86.6111 345.5202 0002128  81.6004 278.5455 14.72250239168899
IRIDIUM 178             
1 56729U 23068V   26187.57940933  .00000844  00000+0  10813-3 0  9993
2 56729  86.6531  17.2544 0002320  86.8348 273.3139 14.80023012169237
IRIDIUM 179             
1 56730U 23068W   26187.57409312  .00000947  00000+0  12174-3 0  9992
2 56730  86.6766  26.2940 0002267  90.0454 270.1028 14.80027353169238
