KUIPER-00008            
1 63724U 25088A   26203.45809315 -.00003562  00000+0 -43887-3 0  9993
2 63724  51.8984 212.0636 0000452  85.5671 274.5343 14.79899820 68001
KUIPER-00009            
1 63725U 25088B   26203.46531687  .00001496  00000+0  21893-3 0  9994
2 63725  51.9018 229.5863 0000388  64.9422 295.1582 14.81163524 67752
KUIPER-00010            
1 63726U 25088C   26203.36217833  .00000489  00000+0  93156-4 0  9991
2 63726  51.9003 207.5898 0000361  66.1331 293.9669 14.79931731 67678
KUIPER-00011            
1 63727U 25088D   26203.38783143  .00000333  00000+0  72632-4 0  9990
2 63727  51.8992 215.0249 0000385  37.2633 322.8356 14.79941123 67704
KUIPER-00012            
1 63728U 25088E   26203.30274015  .00000706  00000+0  12163-3 0  9992
2 63728  51.9012 200.3377 0000426  61.8297 298.2708 14.79931640 67859
KUIPER-00013            
1 63729U 25088F   26203.36896392  .00000748  00000+0  12713-3 0  9994
2 63729  51.9010 232.5639 0000256  40.1865 319.9116 14.79939830 67514
KUIPER-00014            
1 63730U 25088G   26203.33521001  .00000519  00000+0  97069-4 0  9999
2 63730  51.9006 232.6563 0000382  73.4014 286.6991 14.79935221 67323
KUIPER-00015            
1 63731U 25088H   26203.49319453  .00000458  00000+0  89094-4 0  9994
2 63731  51.8986 242.0167 0000222  51.0630 309.0352 14.79949182 67663
KUIPER-00016            
1 63732U 25088J   26203.26490938  .00001785  00000+0  26297-3 0  9997
2 63732  51.8997 235.4799 0000412  53.5095 306.5905 14.79959402 67275
KUIPER-00018            
1 63733U 25088K   26203.30953976  .00000362  00000+0  76453-4 0  9999
2 63733  51.9017 225.3142 0000324  94.0497 266.0502 14.79931592 67428
KUIPER-00019            
1 63734U 25088L   26203.33620530  .00000592  00000+0  10660-3 0  9992
2 63734  51.8994 223.9543 0000374  66.3980 293.7021 14.79932584 67442
KUIPER-00020            
1 63735U 25088M   26203.44194798  .00000515  00000+0  96523-4 0  9995
2 63735  51.9003 227.2328 0000504  58.2078 301.8933 14.79924798 67616
KUIPER-00021            
1 63736U 25088N   26203.34055612  .00000600  00000+0  10763-3 0  9992
2 63736  51.8990 227.6348 0000334  65.7375 294.3623 14.79945719 67439
KUIPER-00023            
1 63737U 25088P   26203.50673871  .00001093  00000+0  17232-3 0  9999
2 63737  51.8998 229.3901 0000326  58.6030 301.4964 14.79920699 67722
KUIPER-00024            
1 63738U 25088Q   26203.45266269  .00000283  00000+0  66161-4 0  9999
2 63738  51.9026 217.2284 0000425  49.2308 310.8691 14.79941286 68019
KUIPER-00025            
1 63739U 25088R   26203.34327594  .00000771  00000+0  13015-3 0  9998
2 63739  51.9019 225.1938 0000446  39.8273 320.2722 14.79934233 67759
KUIPER-00027            
1 63740U 25088S   26203.44995941  .00000796  00000+0  13334-3 0  9999
2 63740  51.9004 219.6892 0000377  52.5301 307.5696 14.79941937 67576
KUIPER-00028            
1 63741U 25088T   26203.41887788  .00000409  00000+0  82603-4 0  9993
2 63741  51.8988 217.2763 0000344  56.7028 303.3967 14.79942269 68018
KUIPER-00029            
1 63742U 25088U   26203.32737602  .00001518  00000+0  22805-3 0  9992
2 63742  51.8997 216.3672 0000687 343.1064  16.9876 14.79947144 67541
KUIPER-00030            
1 63743U 25088V   26203.50132424  .00000383  00000+0  79179-4 0  9990
2 63743  51.9003 234.4228 0000254  77.8009 282.2982 14.79935550 67598
KUIPER-00031            
1 63744U 25088W   26203.58336806  .00059548  00000+0  78542-2 0  9997
2 63744  51.8988 219.0822 0001149  72.8722  99.5672 14.79484376  5301
KUIPER-00032            
1 63745U 25088X   26203.38403549  .00015517  00000+0  37814-3 0  9991
2 63745  51.8659  90.9302 0002992 231.3734 128.6987 15.41085670 70295
KUIPER-00033            
1 63746U 25088Y   26203.51891608  .00002149  00000+0  31081-3 0  9991
2 63746  51.9000 249.3684 0000208  66.6447 293.4537 14.79937581 67585
KUIPER-00034            
1 63747U 25088Z   26203.22172471  .00000312  00000+0  69949-4 0  9995
2 63747  51.9009 213.2154 0000583  58.0714 302.0305 14.79935215 67745
KUIPER-00035            
1 63748U 25088AA  26203.46487286  .00000522  00000+0  97449-4 0  9994
2 63748  51.8991 237.1143 0000265  58.5295 301.5693 14.79935640 67481
KUIPER-00037            
1 63749U 25088AB  26203.45776156  .00000553  00000+0  10153-3 0  9991
2 63749  51.8999 236.0027 0000283  44.2369 315.8616 14.79943833 68288
KUIPER-00038            
1 63750U 25088AC  26203.31222437  .00000429  00000+0  85235-4 0  9992
2 63750  51.9007 222.8136 0000391  63.1369 296.9634 14.79936919 67459
KUIPER-00039            
1 64500U 25134A   26202.81208158  .00003331  00000+0  46564-3 0  9992
2 64500  51.9021   0.0210 0000675 122.9034 237.1993 14.79942335 59934
KUIPER-00040            
1 64501U 25134B   26203.44281928  .00003195  00000+0  44776-3 0  9990
2 64501  51.8993   7.3081 0000656 124.8728 235.2296 14.79952153 59886
KUIPER-00041            
1 64502U 25134C   26203.47387216  .00003107  00000+0  43618-3 0  9998
2 64502  51.8999   9.5573 0000590 114.3857 245.7167 14.79950431 59854
KUIPER-00042            
1 64503U 25134D   26201.48715711 -.00000416  00000+0 -25566-4 0  9998
2 64503  51.9021  13.3236 0000721  46.6445 313.4578 14.79943820 59636
KUIPER-00043            
1 64504U 25134E   26202.84582162  .00003441  00000+0  47986-3 0  9990
2 64504  51.9031 359.8133 0000581 123.1109 236.9910 14.79951993 59947
KUIPER-00044            
1 64505U 25134F   26202.89987651  .00002717  00000+0  38514-3 0  9990
2 64505  51.9009  12.0765 0000690 126.4322 233.6704 14.79946545 59779
KUIPER-00046            
1 64506U 25134G   26203.47654107 -.00000246  00000+0 -32611-5 0  9994
2 64506  51.9006   7.0005 0000629 145.0392 215.0612 14.79945050 59899
KUIPER-00047            
1 64507U 25134H   26202.79715030 -.00002451  00000+0 -29258-3 0  9993
2 64507  51.9003 342.5311 0000589 112.4521 247.6504 14.79930414 60173
KUIPER-00048            
1 64508U 25134J   26202.76337877  .00003043  00000+0  42775-3 0  9995
2 64508  51.9004 342.6945 0000316 109.7771 250.3226 14.79950626 60172
KUIPER-00049            
1 64509U 25134K   26202.44603965  .00002136  00000+0  30906-3 0  9990
2 64509  51.9021 356.5629 0000534 127.5137 232.5874 14.79945714 59958
KUIPER-00050            
1 64510U 25134L   26202.80256561  .00002601  00000+0  36989-3 0  9992
2 64510  51.9030 337.5089 0000407 143.5987 216.5003 14.79947573 60255
KUIPER-00051            
1 64511U 25134M   26203.43497853  .00000606  00000+0  10854-3 0  9990
2 64511  51.9034 350.8830 0001136 112.5442 247.5641 14.79944698 60116
KUIPER-00053            
1 64513U 25134P   26202.77243967  .00002121  00000+0  29487-3 0  9999
2 64513  51.9017 348.9764 0000600 349.9768  10.1183 14.81697528 60086
KUIPER-00054            
1 64514U 25134Q   26202.76067451  .00003255  00000+0  45536-3 0  9993
2 64514  51.8999 345.1839 0000703 145.0458 215.0551 14.79968227 60137
KUIPER-00055            
1 64515U 25134R   26202.64313966  .00001705  00000+0  25248-3 0  9992
2 64515  51.9024 298.3401 0000413 112.1723 247.9283 14.79943687 60780
KUIPER-00056            
1 64516U 25134S   26202.85663193  .00003422  00000+0  47748-3 0  9993
2 64516  51.9039 349.8574 0000572 124.4652 235.6365 14.79946207 60082
KUIPER-00057            
1 64517U 25134T   26202.84852767  .00003714  00000+0  51577-3 0  9999
2 64517  51.9006 357.3220 0000547 120.2354 239.8662 14.79946229 59970
KUIPER-00058            
1 64518U 25134U   26202.75259316  .00003125  00000+0  43849-3 0  9990
2 64518  51.9018 352.7176 0000400 135.7327 224.3667 14.79957832 60037
KUIPER-00059            
1 64519U 25134V   26203.43331505  .00003380  00000+0  47201-3 0  9997
2 64519  51.9013 344.7481 0000517 133.4653 226.6352 14.79949019 60202
KUIPER-00060            
1 64520U 25134W   26202.38662422  .00002333  00000+0  33485-3 0  9993
2 64520  51.9034 349.4414 0000635 113.6849 246.4180 14.79941101 60037
KUIPER-00061            
1 64521U 25134X   26202.68243948  .00003117  00000+0  43752-3 0  9994
2 64521  51.9021 355.5848 0000710 128.4318 231.6709 14.79950324 59973
KUIPER-00062            
1 64522U 25134Y   26202.47711066  .00002886  00000+0  40729-3 0  9996
2 64522  51.8972 358.9639 0000592 119.1606 240.9415 14.79944360 59923
KUIPER-00063            
1 64523U 25134Z   26202.46902816  .00002243  00000+0  32307-3 0  9991
2 64523  51.9050   6.5601 0000626 126.2283 233.8737 14.79949197 59814
KUIPER-00064            
1 64524U 25134AA  26202.87689530  .00003591  00000+0  49957-3 0  9998
2 64524  51.9046   2.1810 0000584 122.7295 237.3723 14.79949877 59911
KUIPER-00065            
1 64525U 25134AB  26203.47928319  .00003349  00000+0  46785-3 0  9994
2 64525  51.9038   4.6874 0000548 126.5121 233.5892 14.79949831 59915
KUIPER-00066            
1 64526U 25134AC  26203.58041850  .00001972  00000+0  28772-3 0  9999
2 64526  51.9016 301.5186 0000684 108.9186 251.1850 14.79923148 60828
KUIPER-00069            
1 64816U 25151A   26203.57119995  .00002308  00000+0  33155-3 0  9990
2 64816  51.9029  44.1983 0000680 132.1400 227.9620 14.79948066 56730
KUIPER-00070            
1 64817U 25151B   26202.02476766  .00002139  00000+0  30933-3 0  9995
2 64817  51.9007  75.9467 0001003 109.0011 251.1060 14.79957229 56162
KUIPER-00071            
1 64818U 25151C   26202.36512562  .00002204  00000+0  31782-3 0  9994
2 64818  51.9019  71.9814 0000837 119.4335 240.6711 14.79951795 55062
KUIPER-00072            
1 64819U 25151D   26203.56844904  .00001053  00000+0  16711-3 0  9992
2 64819  51.8975  46.6031 0001182 114.8466 245.2620 14.79947476 55523
KUIPER-00073            
1 64820U 25151E   26203.34432597  .00002643  00000+0  37549-3 0  9999
2 64820  51.9008  67.6345 0000912 113.4840 246.6218 14.79945946 56399
KUIPER-00074            
1 64821U 25151F   26200.22359862  .00365209  71752-4  52861-3 0  9998
2 64821  51.8723 336.2423 0006386 301.9766  58.0628 16.04703404 56196
KUIPER-00075            
1 64822U 25151G   26203.56699236  .00018632  00000+0  38924-3 0  9993
2 64822  51.8663 283.3146 0004100  31.0092 329.1140 15.45542710 57231
KUIPER-00076            
1 64823U 25151H   26202.00453441  .00002058  00000+0  29885-3 0  9999
2 64823  51.9013  63.5790 0000895 106.1325 253.9736 14.79938293 55150
KUIPER-00077            
1 64824U 25151J   26203.34973157  .00002613  00000+0  37148-3 0  9997
2 64824  51.9027  62.6499 0000703 115.1810 244.9226 14.79947523 55283
KUIPER-00078            
1 64825U 25151K   26203.58877211  .00002528  00000+0  36038-3 0  9990
2 64825  51.9015  59.0691 0000805 114.0993 246.0053 14.79949581 55353
KUIPER-00079            
1 64826U 25151L   26203.61713248  .00003192  00000+0  44738-3 0  9998
2 64826  51.8993  63.9036 0000676 106.3851 253.7186 14.79952108 56484
KUIPER-00080            
1 64827U 25151M   26203.31326645 -.00001483  00000+0 -16532-3 0  9991
2 64827  51.9005  65.2584 0000601  97.8133 262.2898 14.79979722 55247
KUIPER-00082            
1 64828U 25151N   26202.00992599  .00002089  00000+0  30294-3 0  9996
2 64828  51.9023  58.5758 0000870 109.6418 250.4638 14.79939150 55222
KUIPER-00083            
1 64829U 25151P   26202.00182931  .00000696  00000+0  12030-3 0  9998
2 64829  51.9015  66.0957 0000626 101.4372 258.6661 14.79932461 56301
KUIPER-00084            
1 64830U 25151Q   26203.34159770 -.00008815  00000+0 -11278-2 0  9998
2 64830  51.9021  70.1553 0000569 120.5573 239.5446 14.79972295 55171
KUIPER-00085            
1 64831U 25151R   26203.59687554  .00002486  00000+0  35488-3 0  9998
2 64831  51.9039  51.6061 0000689 122.0594 238.0436 14.79947176 55456
KUIPER-00086            
1 64832U 25151S   26202.64066660  .00002834  00000+0  40048-3 0  9998
2 64832  51.9007  65.7793 0000821 113.4756 246.6293 14.79947147 55175
KUIPER-00087            
1 64833U 25151T   26203.53740003  .00003102  00000+0  43554-3 0  9992
2 64833  51.8995  44.2755 0000680  94.9853 265.1187 14.79947799 55547
KUIPER-00089            
1 64834U 25151U   26203.59956190  .00002818  00000+0  39836-3 0  9996
2 64834  51.9007  49.0228 0000705 114.1050 245.9986 14.79948010 55497
KUIPER-00090            
1 64835U 25151V   26203.54009775  .00002923  00000+0  41205-3 0  9990
2 64835  51.8990  41.7902 0000787 119.0711 241.0331 14.79956436 55586
KUIPER-00091            
1 64836U 25151W   26202.79190489  .00002402  00000+0  34391-3 0  9990
2 64836  51.9021  50.1121 0000792 113.2586 246.8460 14.79944677 55403
KUIPER-00092            
1 64837U 25151X   26203.32403429  .00002591  00000+0  36862-3 0  9996
2 64837  51.9015  55.2497 0000746 115.2700 244.8340 14.79952644 56597
KUIPER-00093            
1 64838U 25151Y   26203.32133342  .00003024  00000+0  42536-3 0  9998
2 64838  51.9002  57.7354 0000661 116.8954 243.2076 14.79943861 55349
KUIPER-00094            
1 64839U 25151Z   26202.22198744  .00002328  00000+0  33423-3 0  9995
2 64839  51.9048  17.6903 0001041 124.6275 235.4786 14.79944298 55819
KUIPER-00081            
1 65132U 25171A   26203.57901674  .00002106  00000+0  30506-3 0  9990
2 65132  51.9000 271.5937 0000240  77.3995 282.6994 14.79954911 53013
KUIPER-00088            
1 65133U 25171B   26203.49262615  .00003022  00000+0  42497-3 0  9997
2 65133  51.8996 289.4780 0000393 106.0847 254.0159 14.79954189 52759
KUIPER-00095            
1 65134U 25171C   26203.44665790  .00002195  00000+0  31670-3 0  9995
2 65134  51.8986 269.7273 0000232  76.5646 283.5342 14.79954631 53021
KUIPER-00096            
1 65135U 25171D   26201.98131697  .00001747  00000+0  25799-3 0  9994
2 65135  51.8999 288.6573 0000232 119.9107 240.1878 14.79939747 52633
KUIPER-00097            
1 65136U 25171E   26202.65392624  .00002155  00000+0  31145-3 0  9995
2 65136  51.9029 288.3411 0000271 115.8961 244.2030 14.79947373 52687
KUIPER-00098            
1 65137U 25171F   26203.59659908  .00002889  00000+0  40751-3 0  9998
2 65137  51.9007 286.5368 0000286  91.2808 268.8187 14.79958566 52140
KUIPER-00099            
1 65138U 25171G   26202.49316818  .00002118  00000+0  30679-3 0  9990
2 65138  51.9028 281.4219 0000607  94.8318 265.2713 14.79927004 52773
KUIPER-00100            
1 65139U 25171H   26203.54255954  .00002581  00000+0  36720-3 0  9998
2 65139  51.9011 274.2514 0000321  87.1744 272.9255 14.79953985 52969
KUIPER-00102            
1 65140U 25171J   26203.47233890  .00002846  00000+0  40194-3 0  9991
2 65140  51.8976 277.0464 0000430  64.0402 296.0605 14.79951396 52916
KUIPER-00103            
1 65141U 25171K   26203.55473947  .00002766  00000+0  39137-3 0  9996
2 65141  51.8994 294.1821 0000092 112.6153 247.4819 14.79958453 52683
KUIPER-00104            
1 65142U 25171L   26201.94755310  .00001745  00000+0  25775-3 0  9994
2 65142  51.9028 288.7909 0000334 107.7345 252.3654 14.79937960 52622
KUIPER-00105            
1 65143U 25171M   26202.24330965  .00002023  00000+0  29413-3 0  9997
2 65143  51.9016 295.0825 0000303 123.5309 236.5682 14.79957958 52567
KUIPER-00106            
1 65144U 25171N   26203.57466537  .00002442  00000+0  34912-3 0  9995
2 65144  51.9014 267.9588 0000274 118.1529 241.9462 14.79944541 53067
KUIPER-00107            
1 65145U 25171P   26203.34269601  .00002044  00000+0  29698-3 0  9997
2 65145  51.9011 272.6630 0000302  98.1702 261.9295 14.79945089 52971
KUIPER-00108            
1 65146U 25171Q   26202.62015824  .00002136  00000+0  30904-3 0  9998
2 65146  51.9033 288.3961 0000334 103.7444 256.3556 14.79942969 52699
KUIPER-00109            
1 65147U 25171R   26202.18656586  .00001948  00000+0  28431-3 0  9998
2 65147  51.9028 285.2554 0000286 121.9710 238.1280 14.79954583 52699
KUIPER-00110            
1 65148U 25171S   26202.61207155  .00002130  00000+0  30828-3 0  9998
2 65148  51.9010 295.9310 0000375 121.0763 239.0237 14.79943552 52570
KUIPER-00111            
1 65149U 25171T   26202.70792795 -.00000655  00000+0 -56951-4 0  9996
2 65149  51.9012 300.3830 0000284 126.1728 233.9261 14.79939325 52525
KUIPER-00112            
1 65150U 25171U   26203.50343171  .00002273  00000+0  32695-3 0  9991
2 65150  51.9015 279.4805 0000229 105.0531 255.0457 14.79947386 52882
KUIPER-00114            
1 65151U 25171V   26203.31299925  .00003062  00000+0  43021-3 0  9990
2 65151  51.9014 300.2922 0000239 120.6948 239.4038 14.79959527 52578
KUIPER-00115            
1 65152U 25171W   26202.64581879  .00002166  00000+0  31298-3 0  9995
2 65152  51.9020 295.7442 0000315 116.5046 243.5949 14.79947728 52587
KUIPER-00116            
1 65153U 25171X   26202.33656052  .00002257  00000+0  32501-3 0  9997
2 65153  51.9010 302.1454 0000581  99.5617 260.5411 14.79931351 52467
KUIPER-00118            
1 65154U 25171Y   26203.54933492  .00003177  00000+0  44526-3 0  9990
2 65154  51.8995 299.2332 0000318 109.5359 250.5638 14.79960483 52618
KUIPER-00119            
1 65155U 25171Z   26202.54992032 -.00001507  00000+0 -16862-3 0  9994
2 65155  51.9002 291.2479 0000229 223.3853 136.7091 14.79944260 52633
KUIPER-00120            
1 65762U 25217A   26203.12438883  .00002085  00000+0  30226-3 0  9993
2 65762  51.8986 178.5838 0000603  62.4034 297.6990 14.79949265 44649
KUIPER-00132            
1 65763U 25217B   26202.01776748  .00021781  00000+0  48646-3 0  9995
2 65763  51.8550  74.2722 0007190  85.1850 274.9960 15.43440918 45994
KUIPER-00133            
1 65764U 25217C   26203.29322571  .00002477  00000+0  35365-3 0  9993
2 65764  51.9019 177.9503 0000609  56.8570 303.2451 14.79949646 44671
KUIPER-00139            
1 65765U 25217D   26203.05817209  .00003459  00000+0  48237-3 0  9998
2 65765  51.8978 146.4441 0000757  79.2590 280.8458 14.79943586 45093
KUIPER-00142            
1 65766U 25217E   26203.07574747  .00002872  00000+0  40553-3 0  9999
2 65766  51.8985 161.3275 0000618  72.8259 287.2771 14.79935784 44886
KUIPER-00145            
1 65767U 25217F   26203.14060354  .00002684  00000+0  38058-3 0  9990
2 65767  51.8986 163.5620 0000963  79.7004 280.4067 14.79978778 44853
KUIPER-00147            
1 65768U 25217G   26203.30670310  .00002909  00000+0  41038-3 0  9990
2 65768  51.8975 165.3083 0000610  84.3095 275.7937 14.79939060 44849
KUIPER-00148            
1 65769U 25217H   26203.05543584  .00003310  00000+0  46308-3 0  9997
2 65769  51.9039 148.9359 0000818  73.7193 286.3859 14.79920192 45057
KUIPER-00150            
1 65770U 25217J   26203.29588017 -.00001448  00000+0 -16096-3 0  9998
2 65770  51.9006 175.3874 0000482  74.9761 285.1254 14.79931339 44702
KUIPER-00151            
1 65771U 25217K   26203.10142615  .00002580  00000+0  36729-3 0  9990
2 65771  51.9005 168.7493 0000677  59.7592 300.3437 14.79934504 44782
KUIPER-00152            
1 65772U 25217L   26203.55385219  .00003203  00000+0  44871-3 0  9999
2 65772  51.8997 154.2319 0000739  62.7498 297.3540 14.79955647 45026
KUIPER-00153            
1 65773U 25217M   26203.28911247  .00003094  00000+0  43455-3 0  9991
2 65773  51.9017 150.4792 0000762  74.8501 285.2546 14.79949170 45058
KUIPER-00155            
1 65774U 25217N   26203.04863165 -.00003631  00000+0 -44762-3 0  9992
2 65774  51.8999 124.0070 0001064  84.9969 275.1115 14.79929295 45404
KUIPER-00156            
1 65775U 25217P   26203.05278005  .00003172  00000+0  44463-3 0  9993
2 65775  51.9017 151.5069 0000807  72.0032 288.1019 14.79953445 45011
KUIPER-00163            
1 65777U 25217R   26203.50744397  .01044327  74077-3  73564-3 0  9998
2 65777  51.8669  78.4410 0005757 245.0936 114.9486 16.15670973 46059
KUIPER-00165            
1 65778U 25217S   26203.58222099  .00002980  00000+0  41967-3 0  9998
2 65778  51.8995 159.1091 0000691  77.0796 283.0244 14.79941544 44953
KUIPER-00166            
1 65779U 25217T   26203.56186621  .00000791  00000+0  13286-3 0  9998
2 65779  51.9015 146.7494 0000836  97.5649 262.5409 14.79913328 45126
KUIPER-00167            
1 65780U 25217U   26203.16624193  .00002449  00000+0  35009-3 0  9996
2 65780  51.8954 170.8548 0000674  74.0515 286.0522 14.79932502 44759
KUIPER-00168            
1 65781U 25217V   26203.11761592  .00002798  00000+0  39570-3 0  9991
2 65781  51.8999 153.6686 0000842  69.9735 290.1318 14.79950618 44998
KUIPER-00169            
1 65782U 25217W   26203.17974568  .00002958  00000+0  41677-3 0  9996
2 65782  51.9008 158.4029 0000611  87.2863 272.8169 14.79943423 44935
KUIPER-00170            
1 65783U 25217X   26203.10682335  .00002668  00000+0  37873-3 0  9999
2 65783  51.8981 163.6823 0000721  66.5678 293.5360 14.79947311 44855
KUIPER-00172            
1 65785U 25217Z   26203.09187092  .00004364  00000+0  60061-3 0  9999
2 65785  51.8984 146.2764 0000651  98.2075 261.8961 14.79962757 45099
KUIPER-00173            
1 65786U 25217AA  26203.28103471  .00003065  00000+0  43086-3 0  9995
2 65786  51.8997 157.9504 0000794  81.0728 279.0325 14.79934404 44944
KUIPER-00174            
1 65787U 25217AB  26203.55655131  .00003164  00000+0  44366-3 0  9993
2 65787  51.9010 151.7833 0000791  63.5838 296.5205 14.79945673 45057
KUIPER-00176            
1 65788U 25217AC  26203.20272293  .00002849  00000+0  40245-3 0  9991
2 65788  51.8993 168.2780 0000610  67.9228 292.1799 14.79944689 44798
KUIPER-00101            
1 65947U 25228A   26203.48487076 -.00001323  00000+0 -14452-3 0  9996
2 65947  51.8965 124.4881 0000709  94.4244 265.6799 14.79936065 43199
KUIPER-00113            
1 65948U 25228B   26202.51111201  .00003180  00000+0  44579-3 0  9998
2 65948  51.8981 123.8141 0000915  87.8497 272.2570 14.79948889 43115
KUIPER-00117            
1 65949U 25228C   26203.48748081 -.00009511  00000+0 -12205-2 0  9994
2 65949  51.8978 121.9960 0000476  98.1697 261.9319 14.79927482 43223
KUIPER-00121            
1 65950U 25228D   26203.45921563  .00003491  00000+0  48654-3 0  9998
2 65950  51.8990 117.1366 0000858 100.2047 259.9012 14.79951725 43295
KUIPER-00122            
1 65951U 25228E   26202.77313345  .00002395  00000+0  34290-3 0  9999
2 65951  51.8997 130.1423 0000876  84.4264 275.6798 14.79949284 43053
KUIPER-00123            
1 65952U 25228F   26203.48218818 -.00001231  00000+0 -13253-3 0  9994
2 65952  51.8994 127.0185 0000978  69.8928 290.2140 14.79933460 43152
KUIPER-00124            
1 65953U 25228G   26203.08508735 -.00001912  00000+0 -22183-3 0  9999
2 65953  51.8974 121.2644 0000852  64.5941 295.5110 14.79935734 43202
KUIPER-00125            
1 65954U 25228H   26203.43893647  .00003640  00000+0  50593-3 0  9992
2 65954  51.9007 104.7432 0000893  97.7723 262.3340 14.79956824 43461
KUIPER-00126            
1 65955U 25228J   26202.50568566  .00002549  00000+0  36308-3 0  9994
2 65955  51.8993 128.8562 0000967  86.2073 273.9000 14.79958404 43040
KUIPER-00127            
1 65956U 25228K   26202.15928824  .00002444  00000+0  34940-3 0  9997
2 65956  51.9014 122.8599 0001019  87.1983 272.9096 14.79940355 43106
KUIPER-00128            
1 65957U 25228L   26203.49294934  .00001744  00000+0  25759-3 0  9994
2 65957  51.9000 117.0275 0001007  88.8363 271.2715 14.79957882 43299
KUIPER-00129            
1 65958U 25228M   26203.46457783  .00003518  00000+0  48982-3 0  9999
2 65958  51.9006 112.1341 0000981  90.3012 269.8063 14.79966644 43368
KUIPER-00130            
1 65959U 25228N   26202.75286398  .00003195  00000+0  44776-3 0  9991
2 65959  51.9017 117.8161 0000821  93.5913 266.5143 14.79947467 33512
KUIPER-00134            
1 65960U 25228P   26202.23076464  .00024063  00000+0  56395-3 0  9994
2 65960  51.8716  31.6484 0006673  75.0837 285.0890 15.41938551 44376
KUIPER-00135            
1 65961U 25228Q   26203.05674879  .00004016  00000+0  55517-3 0  9991
2 65961  51.9020 116.5265 0000919  86.8645 273.2423 14.79957373 43261
KUIPER-00136            
1 65962U 25228R   26202.48544370  .00003261  00000+0  45634-3 0  9990
2 65962  51.9003 116.5070 0000985  85.0342 275.0733 14.79949389 43212
KUIPER-00137            
1 65963U 25228S   26203.43352725  .00003327  00000+0  46530-3 0  9997
2 65963  51.9027 109.8104 0001069  88.7128 271.3957 14.79925232 43395
KUIPER-00138            
1 65964U 25228T   26203.46999566  .00002897  00000+0  40896-3 0  9991
2 65964  51.8978 107.0730 0000729  98.8149 261.2896 14.79924417 43431
KUIPER-00140            
1 65965U 25228U   26203.46731204  .00003245  00000+0  45430-3 0  9992
2 65965  51.8983 109.6739 0000981 105.5457 254.5614 14.79954046 43392
KUIPER-00141            
1 65966U 25228V   26202.86492605  .00003394  00000+0  47367-3 0  9991
2 65966  51.9023 107.3971 0001085  92.6480 267.4607 14.79960625 43373
KUIPER-00146            
1 65967U 25228W   26203.43626927  .00003433  00000+0  47899-3 0  9996
2 65967  51.9017 107.3824 0000977  96.9496 263.1577 14.79944270 43420
KUIPER-00149            
1 65968U 25228X   26202.73255856  .00002878  00000+0  40605-3 0  9998
2 65968  51.9009 105.3775 0001086  96.3841 263.7245 14.79962452 43391
KUIPER-00154            
1 65969U 25228Y   26203.44431746  .00002833  00000+0  40026-3 0  9990
2 65969  51.9004  99.7192 0000972  97.9680 262.1393 14.79958600 43530
KUIPER-00157            
1 65970U 25228Z   26203.56188690  .00001733  00000+0  24890-3 0  9991
2 65970  51.9018 101.6879 0001404  68.8574 291.2539 14.81207809 43516
KUIPER-00144            
1 67133U 25301A   26203.15548056  .00002492  00000+0  35578-3 0  9995
2 67133  51.8998 181.0110 0000575  55.1012 305.0004 14.79936999 33784
KUIPER-00164            
1 67134U 25301B   26203.58336806 -.00025532  00000+0 -33281-2 0  9991
2 67134  51.9012 191.6274 0000925  92.1701 101.0331 14.79991576  5661
KUIPER-00175            
1 67135U 25301C   26202.31669483  .00002244  00000+0  32333-3 0  9993
2 67135  51.8995 179.6794 0000735  90.2764 269.8283 14.79928601 33806
KUIPER-00179            
1 67136U 25301D   26203.41477188  .00001606  00000+0  23951-3 0  9992
2 67136  51.8977 189.8300 0000356  89.7812 270.3191 14.79951217 33869
KUIPER-00181            
1 67137U 25301E   26203.40131463  .00001988  00000+0  28974-3 0  9998
2 67137  51.9008 202.4335 0001040  66.0306 294.0765 14.79937231 33661
KUIPER-00183            
1 67138U 25301F   26203.28375609  .00003780  00000+0  38535-3 0  9993
2 67138  51.8935 174.5764 0009500 145.6000 214.5584 14.92783238 34050
KUIPER-00184            
1 67139U 25301G   26203.25131612  .00002182  00000+0  31507-3 0  9992
2 67139  51.8975 185.5603 0000491  54.3732 305.7276 14.79949179 34006
KUIPER-00186            
1 67140U 25301H   26203.30003337  .00002073  00000+0  30074-3 0  9999
2 67140  51.9006 202.8914 0000372  63.3334 296.7666 14.79939395 33491
KUIPER-00187            
1 67141U 25301J   26203.29732222  .00001967  00000+0  28685-3 0  9996
2 67141  51.9010 205.4276 0000371  63.1756 296.9244 14.79948400 33459
KUIPER-00188            
1 67142U 25301K   26203.29864697  .00002707  00000+0  38394-3 0  9990
2 67142  51.9025 173.0088 0000591  53.9773 306.1244 14.79940378 33907
KUIPER-00191            
1 67143U 25301L   26203.20414203  .00002139  00000+0  30946-3 0  9990
2 67143  51.8990 198.3263 0000466  52.7807 307.3198 14.79938157 33575
KUIPER-00196            
1 67144U 25301M   26203.16124171  .00001941  00000+0  30755-3 0  9996
2 67144  51.8966 155.0681 0001672  19.2638 340.8386 14.76356929 34146
KUIPER-00204            
1 67145U 25301N   26203.13248792  .00002430  00000+0  34748-3 0  9990
2 67145  51.9001 171.1280 0000780  36.8842 323.2173 14.79946409 34031
KUIPER-00210            
1 67146U 25301P   26203.17032502  .00001834  00000+0  26937-3 0  9993
2 67146  51.8989 198.4268 0000431  43.3765 316.7231 14.79951256 33716
KUIPER-00221            
1 67147U 25301Q   26203.26355711  .00001933  00000+0  28241-3 0  9994
2 67147  51.8993 205.5409 0000480  49.2806 310.8198 14.79942999 33456
KUIPER-00232            
1 67148U 25301R   26203.17846594  .00001746  00000+0  25798-3 0  9995
2 67148  51.8982 190.9381 0000425  50.2375 309.8625 14.79939226 33646
KUIPER-00241            
1 67149U 25301S   26203.40404408  .00002142  00000+0  30994-3 0  9991
2 67149  51.9012 199.9447 0000500  53.7544 306.3465 14.79933091 33877
KUIPER-00245            
1 67150U 25301T   26203.32841318  .00001780  00000+0  26243-3 0  9998
2 67150  51.9014 207.7893 0000330  52.8588 307.2405 14.79939704 33425
KUIPER-00246            
1 67151U 25301U   26203.17572349  .00001935  00000+0  28268-3 0  9998
2 67151  51.8988 193.4140 0000388  73.1107 286.9898 14.79950285 33636
KUIPER-00247            
1 67152U 25301V   26203.25407722  .00002810  00000+0  39735-3 0  9994
2 67152  51.8954 183.0352 0000443 111.5450 248.5560 14.79945457 33769
KUIPER-00248            
1 67153U 25301W   26203.27285192  .00002898  00000+0  40903-3 0  9997
2 67153  51.8974 165.5837 0000876  78.0114 282.0946 14.79924561 34179
KUIPER-00249            
1 67154U 25301X   26203.18920239 -.00005282  00000+0 -66432-3 0  9993
2 67154  51.9008 180.8858 0000490  70.8968 289.2047 14.79937562 33783
KUIPER-00250            
1 67155U 25301Y   26203.27436585  .00002228  00000+0  32112-3 0  9993
2 67155  51.8972 195.4613 0000502  62.8340 297.2673 14.79939309 33621
KUIPER-00251            
1 67156U 25301Z   26203.15280481  .00002068  00000+0  30010-3 0  9990
2 67156  51.8996 183.5679 0000748  43.1490 316.9530 14.79944729 33935
KUIPER-00252            
1 67157U 25301AA  26203.15009707  .00002373  00000+0  34005-3 0  9998
2 67157  51.8993 186.0305 0000565  60.0039 300.0980 14.79943741 33713
KUIPER-00261            
1 67158U 25301AB  26203.17307634  .00001896  00000+0  27763-3 0  9993
2 67158  51.9010 195.9841 0000458  55.6667 304.4338 14.79934626 33578
KUIPER-00265            
1 67159U 25301AC  26203.32567603  .00001470  00000+0  22169-3 0  9998
2 67159  51.9013 210.2846 0000385  33.1017 326.9969 14.79953994 33429
KUIPER-00159            
1 67764U 26030A   26203.58336806 -.01080304  00000+0 -72997-1 0  9995
2 67764  51.9019 288.4900 0006169 145.6170 192.7812 15.08967833  4648
KUIPER-00160            
1 67765U 26030B   26202.67825234  .00025549  00000+0  69360-3 0  9992
2 67765  51.8800 291.4502 0005738 153.6386 206.4894 15.37418050 25704
KUIPER-00177            
1 67766U 26030C   26203.06995827  .00000286  00000+0  66476-4 0  9990
2 67766  51.8988 338.8952 0000193 168.3387 191.7580 14.79951089 25078
KUIPER-00178            
1 67767U 26030D   26202.36090672  .00002353  00000+0  33731-3 0  9991
2 67767  51.9023 342.0126 0000476 143.3592 216.7403 14.79954862 24977
KUIPER-00180            
1 67768U 26030E   26203.37923490 -.00003980  00000+0 -49347-3 0  9996
2 67768  51.9012 332.5124 0000354 104.4623 255.6379 14.79931384 25199
KUIPER-00197            
1 67769U 26030F   26203.33331488  .00003242  00000+0  45381-3 0  9996
2 67769  51.9000 312.7295 0000249 207.0667 153.0282 14.79950069 25462
KUIPER-00198            
1 67770U 26030G   26202.34065876  .00001998  00000+0  29099-3 0  9997
2 67770  51.8994 329.5994 0000397 102.9701 257.1306 14.79942691 25143
KUIPER-00199            
1 67771U 26030H   26202.57424572  .00021786  00000+0  60387-3 0  9997
2 67771  51.8833 293.7139 0009843 178.9838 181.1170 15.36838526 25665
KUIPER-00200            
1 67772U 26030J   26203.30251491  .00003129  00000+0  43942-3 0  9997
2 67772  51.8985 310.3928 0001266  91.5853 268.5254 14.79913559 25494
KUIPER-00203            
1 67773U 26030K   26202.72696210  .00002453  00000+0  35056-3 0  9991
2 67773  51.9086 345.4600 0000508 118.1412 241.9602 14.79948480 24952
KUIPER-00205            
1 67774U 26030L   26203.57496487 -.00002089  00000+0 -24520-3 0  9991
2 67774  51.9017 306.6373 0000601 142.7070 217.3934 14.79920494 25579
KUIPER-00208            
1 67775U 26030M   26202.76869584  .00002900  00000+0  40926-3 0  9992
2 67775  51.8989 337.7110 0000278 267.9143  92.1788 14.79925292 25063
KUIPER-00209            
1 67776U 26030N   26203.61563463  .00003331  00000+0  46552-3 0  9995
2 67776  51.9006 331.5585 0000486 130.6112 229.4892 14.79950209 25221
KUIPER-00213            
1 67777U 26030P   26203.38197028  .00003405  00000+0  47517-3 0  9994
2 67777  51.8964 330.0697 0000537 121.5273 238.5742 14.79952174 25224
KUIPER-00214            
1 67778U 26030Q   26202.74310445  .00003519  00000+0  49003-3 0  9992
2 67778  51.9012 330.4068 0000525 135.7994 224.3011 14.79962014 25169
KUIPER-00215            
1 67779U 26030R   26203.33063623  .00002704  00000+0  38380-3 0  9993
2 67779  51.9011 315.1743 0000483  89.9659 270.1359 14.79900826 25437
KUIPER-00218            
1 67780U 26030S   26202.74039428  .00003333  00000+0  46562-3 0  9995
2 67780  51.8991 332.8265 0000469 134.5946 225.5055 14.79960920 25135
KUIPER-00220            
1 67781U 26030T   26203.30763377  .00003364  00000+0  47006-3 0  9994
2 67781  51.8959 305.3554 0001048  66.0149 294.0923 14.79938379 25569
KUIPER-00222            
1 67782U 26030U   26203.58996651  .00003428  00000+0  47821-3 0  9994
2 67782  51.8985 324.2259 0000349  91.2083 268.8919 14.79947459 25328
KUIPER-00223            
1 67783U 26030V   26203.02403967  .00003499  00000+0  48759-3 0  9996
2 67783  51.9019 319.0244 0000409 115.5729 244.5275 14.79944660 25358
KUIPER-00225            
1 67784U 26030W   26202.74854359  .00003029  00000+0  42604-3 0  9992
2 67784  51.8986 325.4044 0000391 124.0809 236.0190 14.79943875 25230
KUIPER-00226            
1 67785U 26030X   26203.55718234  .00001036  00000+0  17828-3 0  9990
2 67785  51.9018 308.0041 0003405 177.1532 182.9449 14.76425352 25556
KUIPER-00259            
1 67786U 26030Y   26203.59263564  .00000613  00000+0  10940-3 0  9994
2 67786  51.8967 321.5741 0001014  95.3750 264.7328 14.79929581 25363
KUIPER-00260            
1 67787U 26030Z   26203.32524044  .00003538  00000+0  49265-3 0  9990
2 67787  51.9016 320.3539 0000499 112.4776 247.6240 14.79949672 25262
KUIPER-00262            
1 67788U 26030AA  26202.75123173  .00003014  00000+0  42412-3 0  9991
2 67788  51.9010 322.8104 0000516 191.1093 168.9859 14.79942406 25278
KUIPER-00266            
1 67789U 26030AB  26203.32789524 -.00000191  00000+0  39524-5 0  9990
2 67789  51.9004 317.7556 0001997 208.4942 151.5912 14.79937711 25399
KUIPER-00268            
1 67790U 26030AC  26203.56694946  .00003301  00000+0  46155-3 0  9992
2 67790  51.9057 314.2181 0000256 136.3513 223.7470 14.79959686 25469
KUIPER-00270            
1 67791U 26030AD  26203.54423716  .00003224  00000+0  45268-3 0  9994
2 67791  51.8989 304.3001 0000773 106.2945 253.8103 14.79837156 25603
KUIPER-00274            
1 67792U 26030AE  26203.31713752  .00003161  00000+0  44328-3 0  9998
2 67792  51.9023 327.7972 0000635 188.3705 171.7247 14.79947592 25256
KUIPER-00275            
1 67793U 26030AF  26202.66341028  .00002792  00000+0  39486-3 0  9997
2 67793  51.9003 310.6976 0000333 144.8443 215.2542 14.79949634 25432
KUIPER-00276            
1 67794U 26030AG  26203.56964149 -.00002009  00000+0 -23451-3 0  9991
2 67794  51.9032 311.6717 0002013 166.8241 193.2774 14.79935536 25502
KUIPER-00279            
1 67795U 26030AH  26203.00641708  .00000455  00000+0  88622-4 0  9997
2 67795  51.9002 304.1904 0000712 157.5297 202.5696 14.79949577 25559
KUIPER-00131            
1 68573U 26072A   26203.54279800  .00003134  00000+0  43965-3 0  9994
2 68573  51.9012  39.3071 0000769 113.2226 246.8817 14.79957331 16351
KUIPER-00189            
1 68574U 26072B   26203.57388023  .00007439  00000+0  10035-2 0  9999
2 68574  51.9015  41.6546 0001400 134.3359 225.7718 14.79946484 16322
KUIPER-00192            
1 68575U 26072C   26203.54549321  .00002994  00000+0  42136-3 0  9996
2 68575  51.8997  36.7909 0000814 121.7753 238.3289 14.79956834 16395
KUIPER-00193            
1 68576U 26072D   26202.54337665  .00002120  00000+0  30716-3 0  9994
2 68576  51.9065  31.2425 0001294   1.7395 358.3572 14.79922693 16381
KUIPER-00194            
1 68577U 26072E   26202.56902242  .00002737  00000+0  38789-3 0  9998
2 68577  51.9026  38.6239 0000576 144.2121 215.8880 14.79937514 16281
KUIPER-00229            
1 68578U 26072F   26203.57655174  .00003131  00000+0  43931-3 0  9994
2 68578  51.9019  39.1543 0000835 133.6483 226.4549 14.79959451 16362
KUIPER-00230            
1 68579U 26072G   26202.48984728  .00008574  00000+0  23312-3 0  9991
2 68579  51.8769  10.6119 0002571 135.1991 224.9204 15.38368374 16665
KUIPER-00231            
1 68580U 26072H   26203.58336806 -.00057200  00000+0 -74081-2 0  9993
2 68580  51.9003  11.4438 0000941  44.4251 333.6291 14.80660366  5138
KUIPER-00234            
1 68581U 26072J   26203.27814402  .00002435  00000+0  34850-3 0  9992
2 68581  51.9009  35.4662 0000138 168.8697 191.2269 14.79909555 16389
KUIPER-00236            
1 68582U 26072K   26203.48766590  .00045841  00000+0  12008-2 0  9998
2 68582  51.8771   6.0501 0002806 145.9526 214.1641 15.38241026 16817
KUIPER-00244            
1 68583U 26072L   26203.52521125  .00003047  00000+0  42834-3 0  9990
2 68583  51.9009  24.3955 0001407 139.9780 220.1286 14.79958108 16564
KUIPER-00253            
1 68584U 26072M   26203.52254719  .00002502  00000+0  35695-3 0  9995
2 68584  51.9048  26.9142 0000666 110.3045 249.7990 14.79946950 16524
KUIPER-00254            
1 68585U 26072N   26202.54066834  .00002289  00000+0  32914-3 0  9999
2 68585  51.9045  33.7540 0001797 130.5966 229.5153 14.79945954 16342
KUIPER-00263            
1 68586U 26072P   26203.50240907  .00054971  00000+0  71916-2 0  9991
2 68586  51.9048  14.5770 0000926 149.8849 210.2167 14.79870508 16696
KUIPER-00269            
1 68587U 26072Q   26203.49952866  .00002568  00000+0  36537-3 0  9990
2 68587  51.9019  17.0060 0000443  75.4545 284.6467 14.79974179 16660
KUIPER-00272            
1 68588U 26072R   26203.51174279  .00003001  00000+0  42229-3 0  9996
2 68588  51.8990  36.9288 0000717 122.9320 237.1712 14.79953623 16389
KUIPER-00285            
1 68589U 26072S   26203.46578477  .00002570  00000+0  36560-3 0  9990
2 68589  51.9054  17.2126 0001727 161.9684 198.1340 14.79976404 16658
KUIPER-00286            
1 68590U 26072T   26203.00002315  .00021566  00000+0  30997-2 0  9998
2 68590  51.9021  16.4525 0002158 161.9671 359.2492 14.76344156  5828
KUIPER-00289            
1 68591U 26072U   26202.92016279  .00002730  00000+0  38679-3 0  9991
2 68591  51.9001  24.5643 0000690 140.2898 219.8115 14.79950958 16504
KUIPER-00290            
1 68592U 26072V   26203.50091392  .00001702  00000+0  27312-3 0  9996
2 68592  51.9048  20.6637 0001116 133.3982 226.7072 14.76406491 16613
KUIPER-00293            
1 68593U 26072W   26203.51712555  .00001977  00000+0  28817-3 0  9994
2 68593  51.8991  31.9067 0002847 149.9675 210.1451 14.79950191 16450
KUIPER-00294            
1 68594U 26072X   26202.51766917  .00002309  00000+0  33180-3 0  9994
2 68594  51.9005  23.8411 0001729  63.2942 296.8197 14.79940432 16482
KUIPER-00296            
1 68595U 26072Y   26203.58336806 -.00009439  00000+0 -31894-3 0  9996
2 68595  51.8763   5.8237 0008926 146.1353 241.5682 15.28885000  5873
KUIPER-00297            
1 68596U 26072Z   26202.53129584  .00001526  00000+0  24836-3 0  9999
2 68596  51.9006  36.1871 0001074 151.2996 208.8024 14.76364713 16315
KUIPER-00300            
1 68597U 26072AA  26203.53798102  .00002024  00000+0  31850-3 0  9997
2 68597  51.9031  28.8157 0001712 152.1781 207.9271 14.76483299 16506
KUIPER-00301            
1 68598U 26072AB  26203.58336806 -.00019610  00000+0 -53887-3 0  9997
2 68598  51.8673   5.5025 0007893 154.2764 356.6033 15.36112623  5596
KUIPER-00304            
1 68599U 26072AC  26203.58336806 -.00008445  00000+0 -26328-3 0  9992
2 68599  51.8728   5.8344 0011125 154.5467 200.2860 15.31262130  3236
KUIPER-00317            
1 68600U 26072AD  26203.49687178  .00002407  00000+0  34460-3 0  9992
2 68600  51.9000  19.5221 0000664  93.3414 266.7625 14.79943422 16621
KUIPER-00320            
1 68601U 26072AE  26203.49144363  .00003039  00000+0  42718-3 0  9994
2 68601  51.9036  24.5397 0000712 119.7853 240.3181 14.79956404 16556
KUIPER-00299            
1 68864U 26095A   26202.99107427  .00001728  00000+0  27648-3 0  9992
2 68864  51.9005  95.4858 0001355 301.8762  58.2067 14.76480578 12780
KUIPER-00353            
1 68865U 26095B   26202.62182976  .00002290  00000+0  32896-3 0  9991
2 68865  51.9024  83.3884 0001317 119.9002 240.2091 14.79976078 12924
KUIPER-00357            
1 68866U 26095C   26202.71496582  .00002507  00000+0  35758-3 0  9994
2 68866  51.9019  90.4790 0001326  96.9687 263.1427 14.79961272 12834
KUIPER-00364            
1 68867U 26095D   26202.40846805  .00002340  00000+0  33579-3 0  9992
2 68867  51.9050  94.3449 0001223 166.6511 193.4484 14.79940950 12750
KUIPER-00375            
1 68868U 26095E   26202.40163707  .00001379  00000+0  22722-3 0  9995
2 68868  51.9021  86.3632 0003366 113.7388 246.3926 14.76403781 12863
KUIPER-00433            
1 68869U 26095F   26202.16415242  .00002387  00000+0  34158-3 0  9999
2 68869  51.9014 102.9121 0001279  94.0144 266.0964 14.79986815 12617
KUIPER-00437            
1 68870U 26095G   26203.36778081  .00037286  00000+0  96447-3 0  9992
2 68870  51.8793  72.1119 0007597  76.3061 283.8772 15.38700874 13145
KUIPER-00448            
1 68871U 26095H   26201.98811007  .00001251  00000+0  20875-3 0  9990
2 68871  51.9046  92.1039 0001326 180.2028 179.8932 14.76435096 12742
KUIPER-00459            
1 68872U 26095J   26203.58336806 -.01096852  00000+0 -99762-1 0  9991
2 68872  51.9045  74.6975 0008282  62.4296 309.1200 14.97902736  4483
KUIPER-00468            
1 68873U 26095K   26202.67362455  .00010316  00000+0  58763-3 0  9996
2 68873  51.8888  77.2283 0004710  35.3927 324.7362 15.13336652 13019
KUIPER-00476            
1 68874U 26095L   26203.36808842  .00020057  00000+0  63796-3 0  9994
2 68874  51.8736  73.5377 0010092  71.9459 288.2624 15.32544723 13129
KUIPER-00478            
1 68875U 26095M   26203.58336806  .00005753  00000+0  75185-3 0  9996
2 68875  51.8989  76.5398 0003607 110.7657 194.3895 14.81659516  5119
KUIPER-00480            
1 68876U 26095N   26203.58336806 -.00037793  00000+0 -33586-2 0  9996
2 68876  51.8906  74.1216 0002957 101.6123 314.3115 14.95655062  3862
KUIPER-00482            
1 68877U 26095P   26202.94623016  .00001769  00000+0  28263-3 0  9997
2 68877  51.9013  86.8730 0000637 269.0344  91.0544 14.76424316 12906
KUIPER-00483            
1 68878U 26095Q   26203.00234707  .00001712  00000+0  27391-3 0  9990
2 68878  51.8992  99.1210 0001222 279.8932  80.1891 14.76526758 12733
KUIPER-00488            
1 68879U 26095R   26203.58336806  .00033138  00000+0  43608-2 0  9992
2 68879  51.8997  79.1498 0001127 100.1119 165.5753 14.79871867  4982
KUIPER-00489            
1 68880U 26095S   26203.58336806 -.02335664  00000+0 -13540+0 0  9996
2 68880  51.8831  73.2137 0012138  69.8404  60.0524 15.15262629  5165
KUIPER-00499            
1 68881U 26095T   26203.58336806  .00006738  00000+0  73958-3 0  9993
2 68881  51.8990  76.8510 0010635  86.6818 272.9611 14.88646248  4018
KUIPER-00500            
1 68882U 26095U   26203.41595112  .00003546  00000+0  49365-3 0  9992
2 68882  51.9016  94.8755 0001563  63.7817 296.3306 14.79958965 12837
KUIPER-00502            
1 68883U 26095V   26203.58336806 -.00654414  00000+0 -41705-1 0  9990
2 68883  51.8936  72.2509 0005549  62.3467 172.7308 15.10628984  3255
KUIPER-00503            
1 68884U 26095W   26202.10180010  .00002292  00000+0  32932-3 0  9995
2 68884  51.8981  98.1760 0000897 103.4932 256.6131 14.79962912 12675
KUIPER-00504            
1 68885U 26095X   26203.41057737  .00003469  00000+0  48360-3 0  9999
2 68885  51.9025  99.9013 0001017  91.8845 268.2234 14.79951617 12767
KUIPER-00505            
1 68886U 26095Y   26203.38756830  .00001490  00000+0  22430-3 0  9998
2 68886  51.9027  90.0047 0000638  99.3171 260.7863 14.79952737 12895
KUIPER-00507            
1 68887U 26095Z   26203.58336806  .00034792  00000+0  49656-2 0  9997
2 68887  51.8999  78.9269 0001339  32.7470  68.1235 14.76400767  3730
KUIPER-00511            
1 68888U 26095AA  26203.58336806 -.01627432  00000+0 -12411+0 0  9996
2 68888  51.8950  72.9734 0004929  29.2568 149.8755 15.04801092  2636
KUIPER-00512            
1 68889U 26095AB  26203.41866398  .00003318  00000+0  46387-3 0  9994
2 68889  51.9019  92.3685 0000923 112.5233 247.5827 14.79949685 12864
KUIPER-00519            
1 68890U 26095AC  26203.36190987  .00001974  00000+0  28776-3 0  9992
2 68890  51.9015  82.6788 0002723  35.2916 324.8226 14.79961075 12990
KUIPER-00521            
1 68891U 26095AD  26203.58336806  .00012131  00000+0  14341-2 0  9998
2 68891  51.9008  75.4873 0000455 349.0335  71.3082 14.84963421  5707
KUIPER-00524            
1 68892U 26095AE  26202.68554251  .00001296  00000+0  21523-3 0  9996
2 68892  51.8993  87.0778 0002369 120.9215 239.1979 14.76421622 12870
KUIPER-00370            
1 68919U 26098A   26203.58336806  .00037530  00000+0  29991-2 0  9999
2 68919  51.8944 262.1567 0011107 291.9758 204.2199 14.99838591  5577
KUIPER-00380            
1 68920U 26098B   26203.55278796  .00001897  00000+0  79503-4 0  9994
2 68920  51.8759 259.2158 0006860 291.5375  68.4877 15.28747599 12758
KUIPER-00386            
1 68921U 26098C   26203.58336806 -.01846573  00000+0 -11832+0 0  9992
2 68921  51.8882 257.8625 0002353  15.5405  63.9099 15.11586170  5183
KUIPER-00388            
1 68922U 26098D   26203.58336806  .00034543  00000+0  49308-2 0  9998
2 68922  51.9000 266.5040 0001596  67.3585 257.4764 14.76397210  5046
KUIPER-00405            
1 68923U 26098E   26203.58336806  .00002538  00000+0  35606-3 0  9995
2 68923  51.9010 264.0306 0003095  31.1400  98.3271 14.80624031  4770
KUIPER-00408            
1 68924U 26098F   26203.32092465  .00012442  00000+0  49953-3 0  9993
2 68924  51.8727 262.1222 0013010 284.1907  75.7628 15.25262005 12695
KUIPER-00409            
1 68925U 26098G   26203.58336806  .00015757  00000+0  16182-2 0  9991
2 68925  51.8973 261.7448 0005523 299.7326 259.1174 14.90500569  4574
KUIPER-00410            
1 68926U 26098H   26203.58336806 -.02136861  00000+0 -13280+0 0  9999
2 68926  51.8815 261.0872 0012756 272.0358 358.8720 15.13090810  4549
KUIPER-00412            
1 68927U 26098J   26203.58336806 -.00090602  00000+0 -28802-2 0  9999
2 68927  51.8795 256.2090 0003352  22.5076 128.0018 15.32353453  3375
KUIPER-00413            
1 68928U 26098K   26203.58336806 -.00698654  00000+0 -81774-1 0  9997
2 68928  51.9090 264.2701 0021824 291.6817 161.5732 14.86952386  4283
KUIPER-00414            
1 68929U 26098L   26203.57633656  .00002746  00000+0  38896-3 0  9998
2 68929  51.8972 274.2653 0001395 304.2845  55.7985 14.79952069 12544
KUIPER-00415            
1 68930U 26098M   26203.58336806  .00048427  00000+0  24097-2 0  9991
2 68930  51.8867 259.3227 0007733 269.7700 139.1718 15.17112696  5828
KUIPER-00416            
1 68931U 26098N   26203.54122806  .00039623  00000+0  10605-2 0  9999
2 68931  51.8751 256.2237 0002015 358.3370   1.7610 15.37643987 12797
KUIPER-00420            
1 68932U 26098P   26203.46464652  .00026463  00000+0  73043-3 0  9993
2 68932  51.8774 257.2183 0004696 344.4894  15.5948 15.36886836 12774
KUIPER-00421            
1 68933U 26098Q   26203.52200796  .00014950  00000+0  52193-3 0  9999
2 68933  51.8763 259.0432 0007278 268.6850  91.3299 15.29774492 12753
KUIPER-00425            
1 68934U 26098R   26203.58336806 -.00018699  00000+0 -15753-2 0  9994
2 68934  51.8930 262.2994 0010347 279.0459  76.8052 14.97299114  5834
KUIPER-00430            
1 68935U 26098S   26203.58336806  .00008992  00000+0  10299-2 0  9998
2 68935  51.8980 264.1386 0017139 279.7521 351.6501 14.86474322  4824
KUIPER-00431            
1 68936U 26098T   26203.58336806  .00036378  00000+0  47707-2 0  9992
2 68936  51.8982 266.6367 0000836  22.5733 331.3132 14.79971145  5494
KUIPER-00432            
1 68937U 26098U   26203.58336806 -.01591657  00000+0 -10491+0 0  9999
2 68937  51.8802 260.6336 0011450 277.0961 236.4640 15.10514646  4617
KUIPER-00434            
1 68938U 26098V   26203.58336806  .00011423  00000+0  13201-2 0  9990
2 68938  51.8991 261.9100 0001116 256.5910  32.9053 14.85952662  4504
KUIPER-00436            
1 68939U 26098W   26203.58336806  .00021745  00000+0  21406-2 0  9995
2 68939  51.8936 261.9655 0007618 278.1941 315.9861 14.91983649  3478
KUIPER-00438            
1 68940U 26098X   26203.58336806 -.01990629  00000+0 -16908+0 0  9994
2 68940  51.8950 260.0815 0004452   0.3017 324.6989 15.00903303  5623
KUIPER-00439            
1 68941U 26098Y   26203.58336806 -.01113915  00000+0 -88715-1 0  9997
2 68941  51.8922 260.0998 0006775 301.1424  71.8471 15.02997598  5368
KUIPER-00440            
1 68942U 26098Z   26203.34480756  .00022675  00000+0  74262-3 0  9999
2 68942  51.8775 259.3741 0002642 328.5179  31.5647 15.31567203 12736
KUIPER-00442            
1 68943U 26098AA  26203.00002315  .00046190  00000+0  16465-2 0  9992
2 68943  51.8808 260.5206 0002756 278.3143 218.8422 15.28453268  5670
KUIPER-00446            
1 68944U 26098AB  26203.58336806 -.01679460  00000+0 -10188+0 0  9999
2 68944  51.8888 258.5634 0002093 244.1975 135.3050 15.13216706  5318
KUIPER-00451            
1 68945U 26098AC  26203.58336806  .00034426  00000+0  49174-2 0  9994
2 68945  51.8983 266.5302 0000834  31.1973 291.1568 14.76370806  5235
KUIPER-00452            
1 68946U 26098AD  26203.58336806 -.01964123  00000+0 -95449-1 0  9999
2 68946  51.8822 257.1469 0003829 283.0275 135.5476 15.21397457  5037
KUIPER-00453            
1 68947U 26098AE  26203.58336806  .00030478  00000+0  10660-2 0  9997
2 68947  51.8785 256.2924 0004116 356.1649 120.6085 15.29265892  5776
KUIPER-00454            
1 68948U 26098AF  26202.54604890  .00001174  00000+0  19792-3 0  9991
2 68948  51.9003 272.4371 0003740 157.9074 202.2048 14.76439821 12486
KUIPER-00455            
1 68949U 26098AG  26203.58336806  .00049351  00000+0  64636-2 0  9991
2 68949  51.8990 266.6443 0002094 297.2958 146.5319 14.79877599  4872
KUIPER-00458            
1 68950U 26098AH  26203.58336806 -.01806952  00000+0 -67149-1 0  9995
2 68950  51.8787 256.5762 0002168 331.0480 342.8330 15.30510472  5371
KUIPER-00282            
1 69267U 26118A   26203.58336806 -.01765169  00000+0 -14486+0 0  9998
2 69267  51.8862 245.1317 0010152 332.0749  48.7114 15.02282115  5874
KUIPER-00383            
1 69268U 26118B   26203.58336806 -.00797232  00000+0 -45519-1 0  9997
2 69268  51.8784 243.9152 0010285 319.7972 353.0319 15.14987300  3124
KUIPER-00527            
1 69269U 26118C   26203.58336806 -.01808845  00000+0 -11295+0 0  9994
2 69269  51.8816 243.9174 0008690 337.7573 289.2572 15.12366296  3077
KUIPER-00562            
1 69270U 26118D   26203.33106414  .00025609  00000+0  67784-3 0  9993
2 69270  51.8710 242.9713 0000878 359.1406   0.9579 15.38210507  9390
KUIPER-00570            
1 69271U 26118E   26203.58336806  .00023076  00000+0  24694-2 0  9999
2 69271  51.8968 246.9769 0006494 350.2374 142.9892 14.88595670  4769
KUIPER-00572            
1 69272U 26118F   26203.58336806 -.00430238  00000+0 -27659-1 0  9997
2 69272  51.8833 243.5859 0004812 321.6577 126.2569 15.10106563  3785
KUIPER-00581            
1 69273U 26118G   26203.58336806  .00019156  00000+0  22142-2 0  9991
2 69273  51.8995 246.7593 0006740 319.0435 312.9695 14.85552845  3740
KUIPER-00584            
1 69274U 26118H   26203.58336806  .00007442  00000+0  98295-3 0  9990
2 69274  51.8997 249.2596 0002549 352.0619  78.9414 14.80839018  5552
KUIPER-00587            
1 69275U 26118J   26203.58336806 -.01089114  00000+0 -40042-1 0  9995
2 69275  51.8664 242.5534 0007838 327.0749 313.9898 15.30211412  5752
KUIPER-00590            
1 69276U 26118K   26203.58336806  .00025679  00000+0  21064-2 0  9993
2 69276  51.8909 244.8284 0002180   5.1979 294.0322 14.99066406  3996
KUIPER-00592            
1 69277U 26118L   26203.58336806 -.00025179  00000+0 -18893-2 0  9997
2 69277  51.8864 244.3598 0002913 239.1184 310.2579 15.01935992  5627
KUIPER-00593            
1 69278U 26118M   26203.39484980  .00027262  00000+0  70574-3 0  9992
2 69278  51.8708 242.6499 0002855 313.1878  46.8870 15.38857960  9464
KUIPER-00594            
1 69279U 26118N   26203.40105419  .00024013  00000+0  64991-3 0  9999
2 69279  51.8692 242.6889 0002058  84.9787 275.1435 15.37558886  9409
KUIPER-00595            
1 69280U 26118P   26203.40359830  .00019998  00000+0  54298-3 0  9994
2 69280  51.8696 242.7049 0001571  23.8490 336.2569 15.37577104  9430
KUIPER-00596            
1 69281U 26118Q   26203.58336806  .00014928  00000+0  19584-2 0  9998
2 69281  51.9005 249.1455 0001788 351.3341 170.9665 14.80456150  5678
KUIPER-00597            
1 69282U 26118R   26203.49375691  .00030993  00000+0  82469-3 0  9997
2 69282  51.8643 242.5309 0006973 312.0394  47.9999 15.37925521  9419
KUIPER-00599            
1 69283U 26118S   26203.58336806 -.00751316  00000+0 -34174-1 0  9992
2 69283  51.8779 242.5399 0006188 310.7811  10.8805 15.22688314  4562
KUIPER-00600            
1 69284U 26118T   26203.37566354  .00026229  00000+0  70752-3 0  9993
2 69284  51.8628 243.2297 0007673 318.3952  41.6450 15.37588501  9398
KUIPER-00601            
1 69285U 26118U   26203.58336806 -.00032802  00000+0 -25860-2 0  9999
2 69285  51.8918 244.5271 0001973  19.8772   7.4904 15.00201582  5174
KUIPER-00602            
1 69286U 26118V   26203.58336806 -.00630129  00000+0 -20550-1 0  9996
2 69286  51.8699 241.8502 0003029 319.5192 316.1066 15.33504819  5802
KUIPER-00603            
1 69287U 26118W   26203.58336806 -.01778236  00000+0 -79490-1 0  9997
2 69287  51.8759 242.3717 0003286 310.5309  33.2552 15.24425646  5357
KUIPER-00605            
1 69288U 26118X   26203.58336806  .00010181  00000+0  10898-2 0  9991
2 69288  51.8976 246.8186 0003418 104.9223 302.7552 14.89196145  4706
KUIPER-00606            
1 69289U 26118Y   26203.58336806 -.01185414  00000+0 -55641-1 0  9991
2 69289  51.8813 242.3744 0002177 301.4449  66.3245 15.22013671  5683
KUIPER-00607            
1 69290U 26118Z   26203.48286489  .00032593  00000+0  86208-3 0  9994
2 69290  51.8664 242.4739 0005164 306.6919  53.3593 15.38094929  9411
KUIPER-00608            
1 69291U 26118AA  26203.51376408  .00015352  00000+0  48277-3 0  9998
2 69291  51.8616 243.3711 0010420 321.4480  38.5759 15.33106164  9406
KUIPER-00610            
1 69292U 26118AB  26203.58336806  .00058003  00000+0  16756-2 0  9990
2 69292  51.8723 241.7515 0001471  21.4516 297.1459 15.35095865  4911
KUIPER-00613            
1 69293U 26118AC  26203.58336806  .00013687  00000+0  15273-2 0  9993
2 69293  51.8985 246.7952 0009395 330.0394   9.3477 14.87218558  5374
KUIPER-00618            
1 69294U 26118AD  26203.27481280  .00019755  00000+0  53488-3 0  9990
2 69294  51.8702 243.3426 0001074 350.2380   9.8585 15.37671742  9380
KUIPER-00620            
1 69295U 26118AE  26203.58336806 -.00061442  00000+0 -19342-2 0  9990
2 69295  51.8730 241.7624 0001658 319.4986   1.2340 15.32485342  2574
KUIPER-00423            
1 69592U 26140A   26203.45743310  .00040597  00000+0  10498-2 0  9992
2 69592  51.8795 227.8775 0013800 299.5729  60.3883 15.38604265  6667
KUIPER-00428            
1 69593U 26140B   26203.37338967  .00031136  00000+0  85106-3 0  9990
2 69593  51.8788 228.8004 0008461  55.1017 305.0764 15.37080839  6648
KUIPER-00481            
1 69594U 26140C   26203.47109235  .00022132  00000+0  58899-3 0  9991
2 69594  51.8774 227.9588 0010887 307.7614  52.2386 15.38079873  6665
KUIPER-00490            
1 69595U 26140D   26203.28625076  .00026450  00000+0  70367-3 0  9998
2 69595  51.8758 228.9615 0008210   4.0141 356.0910 15.38008268  6634
KUIPER-00493            
1 69596U 26140E   26203.58336806  .00041846  00000+0  15114-2 0  9996
2 69596  51.8835 228.0504 0009168  62.3268 248.5931 15.28033489  5908
KUIPER-00496            
1 69597U 26140F   26203.48145271  .00024407  00000+0  73673-3 0  9999
2 69597  51.8774 228.7568 0010320  76.1505 284.0628 15.34086337  6655
KUIPER-00513            
1 69598U 26140G   26203.47681460  .00038552  00000+0  10107-2 0  9992
2 69598  51.8796 228.0046 0007858   3.9105 356.1943 15.38271362  6660
KUIPER-00516            
1 69599U 26140H   26203.48777648  .00037262  00000+0  99555-3 0  9990
2 69599  51.8778 228.0666 0007463  20.0767 340.0512 15.37705386  6666
KUIPER-00517            
1 69600U 26140J   26203.45879738  .00030093  00000+0  77589-3 0  9991
2 69600  51.8762 227.8761 0011147 322.3454  37.6752 15.38875299  6667
KUIPER-00520            
1 69601U 26140K   26203.55374073 -.00340716  00000+0 -97577-2 0  9991
2 69601  51.8800 227.7713 0007024  25.0766 335.0561 15.36715286  6670
KUIPER-00522            
1 69602U 26140L   26203.45634543  .00022660  00000+0  58989-3 0  9990
2 69602  51.8786 227.8653 0013270 296.2240  63.7382 15.38717484  6666
KUIPER-00528            
1 69603U 26140M   26203.58336806  .00049960  00000+0  14881-2 0  9990
2 69603  51.8776 227.6672 0005940  28.2163 104.6314 15.34184039  4812
KUIPER-00532            
1 69604U 26140N   26203.44272244  .00023436  00000+0  65431-3 0  9999
2 69604  51.8776 228.5053 0006001  53.3836 306.7701 15.36596075  6659
KUIPER-00533            
1 69605U 26140P   26203.53728618  .00031394  00000+0  82420-3 0  9990
2 69605  51.8771 227.6514 0008261 353.0277   7.0594 15.38324934  6674
KUIPER-00534            
1 69606U 26140Q   26203.58069307 -.00308889  00000+0 -84269-2 0  9999
2 69606  51.8811 227.2068 0013122 288.9710  70.9854 15.37996811  6687
KUIPER-00537            
1 69607U 26140R   26203.58336806 -.00292250  00000+0 -11249-1 0  9992
2 69607  51.8824 228.3548 0009616  77.6587 101.3075 15.27071513  5017
KUIPER-00538            
1 69608U 26140S   26202.44577285  .00027485  00000+0  73623-3 0  9995
2 69608  51.8791 233.0928 0009043 359.3028   0.7945 15.37768741  6500
KUIPER-00540            
1 69609U 26140T   26203.30602835  .00022530  00000+0  61977-3 0  9997
2 69609  51.8787 229.1057 0006368  52.1760 307.9802 15.37080232  6633
KUIPER-00541            
1 69610U 26140U   26203.34207096  .00037187  00000+0  97301-3 0  9997
2 69610  51.8805 228.6066 0007926 346.2688  13.8082 15.38346904  6643
KUIPER-00542            
1 69611U 26140V   26202.30134093  .00025733  00000+0  67668-3 0  9996
2 69611  51.8776 233.6188 0008386 330.6309  29.4206 15.38380711  6487
KUIPER-00543            
1 69612U 26140W   26203.31120822  .00033563  00000+0  92015-3 0  9998
2 69612  51.8774 229.1220 0007956  59.2735 300.9034 15.36953526  6633
KUIPER-00544            
1 69613U 26140X   26203.47569039 -.00066115  00000+0 -17351-2 0  9993
2 69613  51.8773 227.9866 0008893 340.5944  19.4704 15.38141772  6667
KUIPER-00546            
1 69614U 26140Y   26203.45475816  .00036144  00000+0  94998-3 0  9991
2 69614  51.8775 227.8535 0014208 294.1151  65.8350 15.38153288  6660
KUIPER-00547            
1 69615U 26140Z   26203.47147257  .00034354  00000+0  91198-3 0  9999
2 69615  51.8808 227.9739 0011097 315.8224  44.1876 15.37910572  6669
KUIPER-00549            
1 69616U 26140AA  26203.49429648  .00035844  00000+0  96793-3 0  9990
2 69616  51.8771 228.1098 0008849  33.4248 326.7296 15.37383936  6663
KUIPER-00550            
1 69617U 26140AB  26203.37585037  .00016742  00000+0  55642-3 0  9997
2 69617  51.8783 229.5435 0008770  83.2596 276.9386 15.31274100  6638
KUIPER-00551            
1 69618U 26140AC  26203.33197099  .00030123  00000+0  78892-3 0  9992
2 69618  51.8767 228.5280 0012357 305.6164  54.3672 15.38378805  6647
KUIPER-00554            
1 69619U 26140AD  26203.33894131  .00028189  00000+0  74599-3 0  9993
2 69619  51.8763 228.5720 0010821 319.6883  40.3301 15.38111705  6648
KUIPER-00555            
1 69620U 26140AE  26203.46657235  .00017934  00000+0  48244-3 0  9995
2 69620  51.8802 227.9409 0011243 306.3445  53.6504 15.37889916  6666
KUIPER-00556            
1 69621U 26140AF  26203.39865508  .00027295  00000+0  71571-3 0  9992
2 69621  51.8817 228.2284 0012685 290.9508  69.0121 15.38391343  6655
KUIPER-00557            
1 69622U 26140AG  26203.34718988  .00033624  00000+0  90270-3 0  9997
2 69622  51.8785 228.6334 0009196 328.9216  31.1225 15.37592186  6642
KUIPER-00560            
1 69623U 26140AH  26203.34029120  .00028784  00000+0  79019-3 0  9990
2 69623  51.8767 228.5808 0009345 340.6518  19.4112 15.36979308  6648
KUIPER-00561            
1 69624U 26140AJ  26203.33388381  .00034566  00000+0  89036-3 0  9992
2 69624  51.8809 228.5539 0008455 331.3529  28.6992 15.38859542  6644
KUIPER-00564            
1 69625U 26140AK  26203.47560850  .00154696  00000+0  40584-2 0  9992
2 69625  51.8798 227.9944 0008249 301.7989  58.2194 15.37541180  6667
KUIPER-00567            
1 69626U 26140AL  26203.46089448  .00028590  00000+0  74783-3 0  9993
2 69626  51.8768 227.8903 0013554 294.6025  65.3550 15.38429864  6665
KUIPER-00573            
1 69627U 26140AM  26203.28593351  .00027644  00000+0  74375-3 0  9993
2 69627  51.8768 228.9636 0010131 317.7044  42.3161 15.37619595  6638
KUIPER-00258            
1 69763U 26151A   26203.55958436 -.00076554  00000+0 -22635-2 0  9992
2 69763  51.8686 145.0789 0011029 190.9339 169.1408 15.34493896  3147
KUIPER-00526            
1 69764U 26151B   26203.58336806 -.01653029  00000+0 -53552-1 0  9997
2 69764  51.8771 144.6898 0005410 156.6879 113.9672 15.34516233  3279
KUIPER-00558            
1 69765U 26151C   26203.58336806  .00011177  00000+0  42252-3 0  9994
2 69765  51.8804 144.9724 0007049 177.7948 310.8044 15.27431388  3752
KUIPER-00569            
1 69766U 26151D   26203.33538042  .00021253  00000+0  57587-3 0  9997
2 69766  51.8785 145.8461 0004671 159.8688 200.2484 15.37594248  3115
KUIPER-00589            
1 69767U 26151E   26203.58336806 -.00101190  00000+0 -31525-2 0  9993
2 69767  51.8757 144.6905 0005210 164.0816  99.5096 15.33041914  3780
KUIPER-00598            
1 69768U 26151F   26203.30030396  .00007942  00000+0  24654-3 0  9993
2 69768  51.8658 146.3365 0008084 192.8370 167.2411 15.34281579  3100
KUIPER-00604            
1 69769U 26151G   26203.32556311  .00027299  00000+0  71772-3 0  9996
2 69769  51.8794 145.7813 0002484 117.5140 242.6100 15.38382539  3116
KUIPER-00609            
1 69770U 26151H   26203.38517268  .00028799  00000+0  74682-3 0  9991
2 69770  51.8800 145.4315 0001128  89.5264 270.5853 15.38777315  3125
KUIPER-00611            
1 69771U 26151J   26203.32280107  .00018010  00000+0  47452-3 0  9995
2 69771  51.8805 145.7598 0001331 110.6394 249.4736 15.38581322  3118
KUIPER-00612            
1 69772U 26151K   26203.32944386  .00023475  00000+0  62509-3 0  9993
2 69772  51.8787 145.8077 0003452 132.7898 227.3380 15.38074741  3113
KUIPER-00614            
1 69773U 26151L   26203.32672212  .00024895  00000+0  65843-3 0  9991
2 69773  51.8787 145.7868 0001856  70.9131 289.2057 15.38250746  3119
KUIPER-00615            
1 69774U 26151M   26203.58336806 -.01109616  00000+0 -34483-1 0  9998
2 69774  51.8777 144.7099 0006503 173.8066  93.2398 15.35581029  1980
KUIPER-00616            
1 69775U 26151N   26203.32441510  .00030543  00000+0  79914-3 0  9999
2 69775  51.8783 145.7754 0002494 136.6943 223.4241 15.38470998  3119
KUIPER-00617            
1 69776U 26151P   26203.33125387  .00025078  00000+0  67017-3 0  9990
2 69776  51.8790 145.8179 0003763 158.8968 201.2175 15.37923317  3110
KUIPER-00619            
1 69777U 26151Q   26203.38643926  .00028164  00000+0  73301-3 0  9992
2 69777  51.8802 145.4394 0002272  62.5028 297.6190 15.38677116  3123
KUIPER-00621            
1 69778U 26151R   26203.32458271  .00025253  00000+0  66446-3 0  9992
2 69778  51.8790 145.7753 0002030 115.3412 244.7786 15.38401696  3119
KUIPER-00622            
1 69779U 26151S   26203.58336806 -.00244171  00000+0 -71555-2 0  9990
2 69779  51.8733 144.7299 0006739 174.4365  78.9200 15.35604480  3788
KUIPER-00623            
1 69780U 26151T   26203.53081289  .00022623  00000+0  61410-3 0  9993
2 69780  51.8777 144.9054 0004827 155.3361 204.7857 15.37496948  3146
KUIPER-00626            
1 69781U 26151U   26203.58336806  .00006491  00000+0  20184-3 0  9995
2 69781  51.8722 144.9312 0009939 189.6229 321.2669 15.34549745  4144
KUIPER-00627            
1 69782U 26151V   26203.29850646  .00021227  00000+0  63634-3 0  9998
2 69782  51.8698 146.3318 0010627 196.8605 163.2029 15.34387789  3100
KUIPER-00629            
1 69783U 26151W   26203.58336806 -.01128754  00000+0 -47671-1 0  9995
2 69783  51.8822 145.1138 0006130 185.1628 261.8680 15.25835360  3478
KUIPER-00631            
1 69784U 26151X   26203.58336806 -.01175453  00000+0 -48882-1 0  9999
2 69784  51.8783 145.0687 0007776 187.9306 268.5991 15.25969266  1305
KUIPER-00634            
1 69785U 26151Y   26203.33195420  .00024942  00000+0  66762-3 0  9990
2 69785  51.8767 145.8239 0003380 158.9094 201.2033 15.37878188  3115
KUIPER-00639            
1 69786U 26151Z   26203.55298563  .00022985  00000+0  68427-3 0  9992
2 69786  51.8695 145.0394 0009712 184.7792 175.3102 15.34565763  3147
KUIPER-00641            
1 69787U 26151AA  26203.30046594 -.00029618  00000+0 -87727-3 0  9997
2 69787  51.8685 146.3427 0011607 193.7001 166.3671 15.33988190  3106
KUIPER-00644            
1 69788U 26151AB  26203.47784535  .00006254  00000+0  18284-3 0  9991
2 69788  51.8738 145.2942 0008338 194.6663 165.4083 15.36592720  3129
KUIPER-00646            
1 69789U 26151AC  26203.55017266  .00020773  00000+0  60534-3 0  9998
2 69789  51.8706 145.0228 0009780 190.0094 170.0698 15.35303516  3148
KUIPER-00647            
1 69790U 26151AD  26203.55671078  .00019739  00000+0  58681-3 0  9997
2 69790  51.8676 145.0597 0010798 193.3294 166.7408 15.34698035  3147
KUIPER-00662            
1 69791U 26151AE  26203.58336806 -.01092383  00000+0 -43173-1 0  9995
2 69791  51.8780 145.0517 0008308 179.0220 254.0427 15.27880581  2164
