NSS-11                  
1 26554U 00059A   26193.17013133  .00000025  00000+0  00000+0 0  9991
2 26554   2.1884  81.0916 0002777  34.8361  51.3872  1.00269999 41545
AMC-6                   
1 26580U 00067A   26193.17977838  .00000091  00000+0  00000+0 0  9993
2 26580   0.2134  83.6053 0003815  41.7412  94.4038  1.00271501 94147
AMC-15                  
1 28446U 04041A   26193.13146176 -.00000086  00000+0  00000+0 0  9996
2 28446   0.0348 303.4038 0002284 185.9206 102.9745  1.00271279 79552
NSS-10                  
1 28526U 05003A   26193.20394369 -.00000256  00000+0  00000+0 0  9990
2 28526   6.5097  70.1454 0002578  38.0995 217.8253  1.00270905 53403
ASTRA 1KR               
1 29055U 06012A   26193.13901786  .00000121  00000+0  00000+0 0  9998
2 29055   0.5357  83.1792 0003304  20.1496 255.7614  1.00268941 45948
ASTRA 1L                
1 31306U 07016A   26192.34623299 -.00000180  00000+0  00000+0 0  9993
2 31306   1.3814  81.3786 0005247  33.1637 274.8448  1.00270600 45222
ASTRA 4A                
1 32299U 07057A   26193.13615785  .00000035  00000+0  00000+0 0  9997
2 32299   0.0471 282.6225 0002246 194.6492 226.5702  1.00270424 51892
ASTRA 1M                
1 33436U 08057A   26193.13910453  .00000123  00000+0  00000+0 0  9990
2 33436   0.3580  82.7103 0004389  39.8454 236.9625  1.00268107 45989
NSS-9                   
1 33749U 09008A   26193.17151801  .00000073  00000+0  00000+0 0  9996
2 33749   1.3237  82.4101 0001839  19.2849  73.1770  1.00270848 63772
SES-7 (PROTOSTAR 2)     
1 34941U 09027A   26193.07683522 -.00000342  00000+0  00000+0 0  9991
2 34941   0.0235  59.6322 0000503 177.8898 188.3565  1.00269713 62874
NSS-12                  
1 36032U 09058A   26193.14655788  .00000075  00000+0  00000+0 0  9991
2 36032   0.0432 286.9309 0004372 149.4348 323.4219  1.00268246 61168
SES-1                   
1 36516U 10016A   26193.11522198 -.00000111  00000+0  00000+0 0  9991
2 36516   0.0431 285.5909 0002370 184.5598 120.3307  1.00271660 59284
ASTRA 3B                
1 36581U 10021A   26193.13988453  .00000138  00000+0  00000+0 0  9999
2 36581   1.5321  83.2575 0004466  18.0696 262.5853  1.00268842 59115
SES-3                   
1 37748U 11035A   26193.11487530 -.00000100  00000+0  00000+0 0  9999
2 37748   1.3883  82.8118 0001906  29.2066 116.3585  1.00271354 54846
ASTRA 1N                
1 37775U 11041A   26193.13901786  .00000122  00000+0  00000+0 0  9995
2 37775   0.0759  34.7951 0005557  74.4172 250.0652  1.00269661 44771
SES-2                   
1 37809U 11049A   26193.11799531 -.00000193  00000+0  00000+0 0  9991
2 37809   0.1198  91.4710 0002685  20.7117 133.3109  1.00270855 54219
QUETZSAT 1              
1 37826U 11054A   26193.11998867 -.00000239  00000+0  00000+0 0  9990
2 37826   0.0100  12.4644 0002547 106.4784 137.2776  1.00272007 50128
SES-4                   
1 38087U 12007A   26193.13087115 -.00000165  00000+0  00000+0 0  9994
2 38087   0.0186  67.6859 0002519  47.6954 199.7648  1.00271459 52477
SES-5                   
1 38652U 12036A   26193.13624450  .00000036  00000+0  00000+0 0  9999
2 38652   0.0458 319.6218 0001940 155.4420 228.9913  1.00271056 44709
ASTRA 2F                
1 38778U 12051A   26193.14075119  .00000152  00000+0  00000+0 0  9997
2 38778   0.0567 235.7171 0002219 304.5311 188.6608  1.00264643 41389
SES-6                   
1 39172U 13026A   26193.17152719 -.00000259  00000+0  00000+0 0  9993
2 39172   0.0316 314.1551 0002286 167.5611 189.6017  1.00271763 47975
O3B FM5                 
1 39188U 13031A   26193.02629804 -.00000016  00000+0  00000+0 0  9995
2 39188   0.0954 336.2586 0002824 119.9726 263.7997  5.00115592238287
O3B FM4                 
1 39189U 13031B   26192.94584898 -.00000016  00000+0  00000+0 0  9999
2 39189   0.0406 347.0775 0004915 108.4276 264.5497  5.00115542238285
O3B FM2                 
1 39190U 13031C   26193.01132262 -.00000016  00000+0  00000+0 0  9994
2 39190   0.0352 343.6748 0002727 122.2391 254.1148  5.00116036238355
O3B PFM                 
1 39191U 13031D   26191.82610437 -.00000013  00000+0  00000+0 0  9994
2 39191   0.0668 347.3000 0005303 111.4461 261.3136  5.00115815237854
ASTRA 2E                
1 39285U 13056A   26193.14075119  .00000153  00000+0  00000+0 0  9998
2 39285   0.0812 309.5141 0002778 177.6693 242.0244  1.00273537 46664
SES-8                   
1 39460U 13071A   26193.12316774 -.00000266  00000+0  00000+0 0  9999
2 39460   0.0485 262.4556 0002586 208.9718 317.9327  1.00270715 44673
ASTRA 5B                
1 39617U 14011B   26193.13988453  .00000140  00000+0  00000+0 0  9998
2 39617   0.0836 298.7003 0001984 190.6059 234.5920  1.00272699 44915
O3B FM3                 
1 40079U 14038A   26193.09213216 -.00000017  00000+0  00000+0 0  9998
2 40079   0.0477 352.7467 0002647 171.7392 195.5208  5.00115676214292
O3B FM7                 
1 40080U 14038B   26192.23869366 -.00000014  00000+0  00000+0 0  9995
2 40080   0.0453 343.9930 0003620  94.9977 281.0494  5.00115631219083
O3B FM6                 
1 40081U 14038C   26193.06522902 -.00000016  00000+0  00000+0 0  9992
2 40081   0.0464 349.8561 0002605 120.3756 249.7950  5.00115671219073
O3B FM8                 
1 40082U 14038D   26192.91857591 -.00000016  00000+0  00000+0 0  9991
2 40082   0.0460 348.5043 0002757 121.3824 250.1418  5.00116048219182
O3B FM10                
1 40348U 14083A   26190.34727304 -.00000010  00000+0  00000+0 0  9993
2 40348   0.0415 347.0289 0004898 105.1910 267.8366  5.00115429211009
O3B FM11                
1 40349U 14083B   26192.95847860 -.00000016  00000+0  00000+0 0  9999
2 40349   0.0552 351.6545 0002548 102.0768 266.2966  5.00115487211154
O3B FM12                
1 40350U 14083C   26192.98547126 -.00000016  00000+0  00000+0 0  9996
2 40350   0.0543 351.8363 0002500 114.7688 253.4210  5.00115892211166
O3B FM9                 
1 40351U 14083D   26192.81240764 -.00000016  00000+0  00000+0 0  9997
2 40351   0.0560 350.8050 0002677 117.6185 251.6045  5.00115975211301
ASTRA 2G                
1 40364U 14089A   26193.14075119  .00000153  00000+0  00000+0 0  9995
2 40364   0.0486  18.4025 0004226  59.6491 290.8722  1.00273727 42213
SES-9                   
1 41380U 16013A   26193.08536262 -.00000342  00000+0  00000+0 0  9998
2 41380   0.0160 329.2164 0002088 136.1583 323.6437  1.00270552 37681
SES-10                  
1 42432U 17017A   26193.05069809 -.00000270  00000+0  00000+0 0  9997
2 42432   0.0169  41.5600 0002558  78.1794 121.5675  1.00271633 34002
SES-15                  
1 42709U 17026A   26192.53939948  .00000064  00000+0  00000+0 0  9996
2 42709   0.0255 325.0521 0000849 168.0714 221.3537  1.00278530  7671
SES-11 (ECHOSTAR 105)   
1 42967U 17063A   26192.82920929 -.00000085  00000+0  00000+0 0  9998
2 42967   0.0454 290.2261 0002705 196.5173 356.5669  1.00272927 31971
SES-14                  
1 43175U 18012B   26193.12584446 -.00000276  00000+0  00000+0 0  9991
2 43175   0.0122  21.5887 0000834 101.2133 165.0202  1.00270549  7274
O3B FM15                
1 43231U 18024A   26192.87922368 -.00000016  00000+0  00000+0 0  9999
2 43231   0.0527 359.9947 0002600 109.6549 250.3772  5.00115762152266
O3B FM16                
1 43232U 18024B   26193.13143720 -.00000017  00000+0  00000+0 0  9998
2 43232   0.0530   4.3388 0002616 103.6909 251.9973  5.00115959152181
O3B FM14                
1 43233U 18024C   26192.77247199 -.00000016  00000+0  00000+0 0  9992
2 43233   0.0518   5.5159 0002879 103.5213 250.9929  5.00115735152187
O3B FM13                
1 43234U 18024D   26188.24086838 -.00000009  00000+0  00000+0 0  9993
2 43234   0.0523 325.0247 0002390  87.3694 307.6281  5.00115686152065
SES-12                  
1 43488U 18049A   26193.12316774 -.00000266  00000+0  00000+0 0  9994
2 43488   0.0106   5.3651 0000888 264.8052 159.1891  1.00270558 29662
O3B FM20                
1 44112U 19020A   26192.99842649 -.00000016  00000+0  00000+0 0  9991
2 44112   0.0526 356.2215 0002364 106.6706 257.1330  5.00115599132813
O3B FM19                
1 44113U 19020B   26189.22751754 -.00000009  00000+0  00000+0 0  9992
2 44113   0.0743 335.0245 0003766 112.1003 272.9190  5.00115960132497
O3B FM17                
1 44114U 19020C   26191.50648916 -.00000013  00000+0  00000+0 0  9997
2 44114   0.0361  10.7949 0002574  96.6283 252.6047  5.00115571132690
O3B FM18                
1 44115U 19020D   26192.65217269 -.00000015  00000+0  00000+0 0  9990
2 44115   0.0530 356.0413 0002744 114.2749 249.7123  5.00115380132874
SES-17                  
1 49332U 21095A   26192.21382525 -.00000265  00000+0  00000+0 0  9998
2 49332   0.0219  45.8226 0001105  94.4892 158.6910  1.00271236 18095
SES-22                  
1 52933U 22071A   26193.17899838  .00000107  00000+0  00000+0 0  9994
2 52933   0.0137 339.0462 0000783 124.6493 111.7988  1.00270200  7777
SES-20                  
1 53960U 22123A   26192.34060527 -.00000095  00000+0  00000+0 0  9993
2 53960   0.0158  63.9469 0001994  39.3505 205.4723  1.00274431 13777
SES-21                  
1 53961U 22123B   26193.03800786  .00000000  00000+0  00000+0 0  9995
2 53961   0.0396  34.2820 0001214  74.3511  64.0628  1.00270039  7467
O3B MPOWER F1           
1 54755U 22174A   26193.14881124 -.00000017  00000+0  00000+0 0  9999
2 54755   0.0495 339.5370 0006612 142.2274 272.5645  5.00114719 66600
O3B MPOWER F2           
1 54756U 22174B   26193.09649652 -.00000017  00000+0  00000+0 0  9992
2 54756   0.0454 339.8201 0005800 125.6181 254.6245  5.00114941 66695
SES-18                  
1 55970U 23038A   26193.11478865 -.00000098  00000+0  00000+0 0  9999
2 55970   0.0484 264.2728 0000719 309.0025  14.9684  1.00271284 12359
SES-19                  
1 55971U 23038B   26193.17986506  .00000090  00000+0  00000+0 0  9993
2 55971   0.0193 320.8161 0001608 161.8745  97.2465  1.00272807 12340
O3B MPOWER F4           
1 56367U 23059A   26192.96083884 -.00000016  00000+0  00000+0 0  9998
2 56367   0.0630 350.4806 0007728 123.7040 245.8951  5.00115384 59842
O3B MPOWER F3           
1 56368U 23059B   26192.99397742 -.00000016  00000+0  00000+0 0  9993
2 56368   0.0637 349.7309 0006678 117.6554 252.6855  5.00116389 55968
O3B MPOWER F5           
1 58346U 23175A   26193.09497081 -.00000017  00000+0  00000+0 0  9990
2 58346   0.0519   9.3944 0005466 119.3380 231.3152  5.00115854 50683
O3B MPOWER F6           
1 58347U 23175B   26192.99555616 -.00000016  00000+0  00000+0 0  9997
2 58347   0.0538   1.1038 0004437 107.8760 251.0670  5.00115770 49599
ASTRA 1P (SES-24)       
1 60086U 24115A   26193.13901786  .00000122  00000+0  00000+0 0  9992
2 60086   0.0630 330.0425 0001164 262.9126 126.3292  1.00267311  7449
O3B MPOWER F7           
1 62362U 24244A   26193.06195439 -.00000016  00000+0  00000+0 0  9999
2 62362   0.0662 343.4218 0005937 123.2733 253.3688  5.00115321 27771
O3B MPOWER F8           
1 62363U 24244B   26193.02890258 -.00000016  00000+0  00000+0 0  9997
2 62363   0.0143   0.2103 0005781  99.0656 260.7882  5.00115048 22115
O3B MPOWER F9           
1 64866U 25153A   26192.96228874 -.00000016  00000+0  00000+0 0  9998
2 64866   0.0610   6.0160 0006693 123.0914 230.9509  5.00115652 20809
O3B MPOWER F10          
1 64867U 25153B   26192.92833626 -.00000016  00000+0  00000+0 0  9992
2 64867   0.0581   2.5085 0002350 245.4906 111.9746  5.00114856 23269
