NIMIQ 2                 
1 27632U 02062A   26177.44445603 -.00000067  00000+0  00000+0 0  9995
2 27632   9.4667  56.8023 0005790  33.3787 235.2066  1.00272382 44276
ANIK F2                 
1 28378U 04027A   26177.57236142 -.00000042  00000+0  00000+0 0  9999
2 28378   3.3114  79.3263 0004261  14.0902 276.1987  1.00272185 41350
ANIK F1R                
1 28868U 05036A   26177.14542662 -.00000068  00000+0  00000+0 0  9992
2 28868   4.3354  76.4732 0004394  11.6528 131.2015  1.00272097 46545
ANIK F3                 
1 31102U 07009A   26177.57080142  .00000009  00000+0  00000+0 0  9990
2 31102   1.2216  83.7552 0002906   5.7122 272.0181  1.00270228 46659
NIMIQ 4                 
1 33373U 08044A   26177.57799479  .00000000  00000+0  00000+0 0  9993
2 33373   0.0276  38.6673 0002017  67.6638 294.4805  1.00274339 65074
TELSTAR 11N             
1 34111U 09009A   26177.51561764  .00000000  00000+0  00000+0 0  9994
2 34111   0.0258  10.2226 0002770  85.8003 326.6915  1.00269390 46338
TERRESTAR-1             
1 35496U 09035A   26177.57236142 -.00000050  00000+0  00000+0 0  9991
2 35496   5.1794  48.7920 0002714  40.3977 280.5439  1.00273225 62224
NIMIQ 5                 
1 35873U 09050A   26177.50868427 -.00000246  00000+0  00000+0 0  9994
2 35873   0.0383 273.0403 0002967 172.7025 299.3168  1.00271151 61439
SKYTERRA 1              
1 37218U 10061A   26177.57426810 -.00000112  00000+0  00000+0 0  9998
2 37218   5.1448  50.8465 0002424  24.3004 304.9725  1.00272982 57281
TELSTAR 14R             
1 37602U 11021A   26177.58189480 -.00000269  00000+0  00000+0 0  9995
2 37602   0.0425  80.2071 0002412 350.4729 350.5160  1.00271648 55928
NIMIQ 6                 
1 38342U 12026A   26177.57626145 -.00000162  00000+0  00000+0 0  9998
2 38342   0.0117  35.0506 0002980  56.2948 299.7003  1.00271663 50509
ANIK G1                 
1 39127U 13014A   26177.57305477 -.00000063  00000+0  00000+0 0  9990
2 39127   0.0222 289.9142 0001932 162.2637 281.5068  1.00272615 48340
TELSTAR 12V             
1 41036U 15068A   26177.59142818 -.00000107  00000+0  00000+0 0  9992
2 41036   0.0181 336.5935 0002473 120.8896  15.1591  1.00273319 38728
VIASAT-2                
1 42740U 17029A   26175.22767060 -.00000258  00000+0  00000+0 0  9991
2 42740   0.0153 301.1892 0000353 112.3888 230.8800  1.00272341 33270
LEO 1 (LEO VANTAGE 1)   
1 43113U 18004C   26177.52100706  .00004573  00000+0  31522-3 0  9993
2 43113  99.2432  97.0282 0350905  50.9271 312.2597 14.67868241438851
TELSTAR 19V             
1 43562U 18059A   26177.51059095 -.00000268  00000+0  00000+0 0  9995
2 43562   0.0295 136.4401 0002996 339.3274 279.6738  1.00270624 29234
TELSTAR 18V             
1 43611U 18069A   26177.62163762 -.00000283  00000+0  00000+0 0  9997
2 43611   0.0177 336.4994 0002131 116.1500 183.8659  1.00270235 28731
AMOS-17                 
1 44479U 19050A   26177.59770949  .00000121  00000+0  00000+0 0  9998
2 44479   0.0270 314.1057 0002206 169.3185  23.4565  1.00272140 25282
